0,00118735103147359;0,0095898914371444;0,0363131302585554;0,0858408467305996;0,139950331549345;0,157571479979385;0,0991648712789065;-0,0404391541614779;-0,219756745251415;-0,370634222047612;-0,433183733638714;-0,381206557499707;-0,227292878547121;-0,0129853674235804;0,204943797188884;0,368032418555703;0,432160275312224;0,383491147656799;0,244483450759716;0,0669968116178814;-0,0833476080811895;-0,150234443346846;-0,111437371929669;0,00794664827871774;0,143953951604288;0,22402740696563;0,205015177097405;0,0951061976232233;-0,0558025654061128;-0,190000710668328;-0,274683963576997;-0,310317752059241;-0,312515409431997;-0,289223820175836;-0,23643372500178;-0,150899046800443;-0,0418057193967816;0,069528166297363;0,160511945591589;0,219470387700742;0,248534504638059;0,255572058072546;0,244811443764706;0,214316514220165;0,159579646466379;0,0798178452731304;-0,0180211937647928;-0,119763275732811;-0,203757597406456;-0,241560088891147;-0,209951278135186;-0,111513863776846;0,0162865149626767;0,11781372059724;0,151795841619893;0,114793595573908;0,0384839031808494;-0,0339805751095917;-0,0708211665699576;-0,061792472707615;-0,0197879217148925;0,025187302274994;0,0414611927385549;0,0133170871527132;-0,0496582295933063;-0,116160961322133;-0,14974179913611;-0,132636497511631;-0,0804280124721177;-0,0324074622688534;-0,0223818236024268;-0,0517544565632818;-0,0851099379435279;-0,0712802918027338;0,0233989538794178;0,188462862648028;0,366186736163792;0,477229746953011;0,463795756147506;0,325774650642891;0,122015975484232;-0,0679386784953574;-0,190643434996825;-0,237993046025941;-0,233372034962139;-0,207100092633162;-0,181859102290907;-0,170211116224866;-0,175269023800925;-0,189023625860428;-0,192764490148727;-0,166016807580295;-0,101076858014301;-0,0102712362219764;0,0830052529983252;0,15931600654438;0,207202330670287;0,217123284050721;0,180634733076021;0,100783860760458;0,00190604009872267;-0,0747539124572781;-0,0895616704344979;-0,0260673140808346;0,0972020860555919;0,230690166502503;0,311293032502366;0,287862443881738;0,145995227086204;-0,0786099243537138;-0,307498658607798;-0,45025521838915;-0,447327993465595;-0,302520443016891;-0,0836707281559499;0,113982030096919;0,219124124752113;0,214835580709727;0,133072695314674;0,0289704818370624;-0,0434919865722667;-0,0510989248915454;0,00293815470793923;0,0794053882902048;0,127029064395816;0,115013198401012;0,0504268139295315;-0,0291008159915051;-0,0790652136802062;-0,073348530799619;-0,0187685448588832;0,0475743431901888;0,078586160482939;0,0454282564934655;-0,0450896884214739;-0,155445208370929;-0,238682890912434;-0,259753482128724;-0,205176188836783;-0,0838859638813822;0,0729730374675021;0,215357242439367;0,289183070826817;0,260955645092125;0,136943127029696;-0,0340526533687752;-0,176874716087425;-0,224070621843691;-0,152621228926516;0,00126453940593999;0,160935337662708;0,251709114155013;0,241594495051946;0,154633536821743;0,0484727793878487;-0,0259086150494179;-0,0514316517154093;-0,0444195539641718;-0,0367523854751232;-0,0559796869425391;-0,109101380608628;-0,175272552655091;-0,215498876626623;-0,195970450247707;-0,109852475347334;0,0162294753804056;0,135331649520119;0,204787122074417;0,206329652555628;0,148223983975218;0,0513236119749068;-0,0622288866515454;-0,167590509684594;-0,234169257890918;-0,233193095650025;-0,154281232247913;-0,0179887999797461;0,128400258581674;0,232200730553621;0,260041703480514;0,209583290811195;0,105447836404679;-0,012174891771187;-0,101340568389442;-0,133053377474368;-0,101493157347033;-0,02304397385241;0,0738776773915159;0,15749209051747;0,196034547893289;0,164138052692612;0,0578211723195141;-0,0925792027178069;-0,229599497374837;-0,297507089990225;-0,272961524689953;-0,174947823896823;-0,0483003869139843;0,0631154998992541;0,132621800029985;0,151599250680894;0,125728884256697;0,0727807042989477;0,0162762027560921;-0,0256080271001133;-0,0467288213033205;-0,0500484640106566;-0,0390178414718852;-0,0134419023329901;0,0243567429865725;0,0621415611846963;0,0819956554858545;0,0738171542475784;0,0437232172422952;0,00986502824961195;-0,0111697385560978;-0,0187189949848303;-0,030186920721375;-0,0659215467465203;-0,127864111808539;-0,189114076985044;-0,205815339429628;-0,145115123233961;-0,0080381166069995;0,166975517485141;0,317979271817345;0,382433620734981;0,323243671036152;0,151111483630052;-0,0701240312410942;-0,246494160973687;-0,300236354329615;-0,21339060278918;-0,0384682216380956;0,13194546709966;0,21634262785306;0,183019262314574;0,0564356615464294;-0,103372226422694;-0,230927426062172;-0,280311026900861;-0,24006660278824;-0,136991116459367;-0,0224388165232103;0,0566397874703649;0,0820135733503629;0,0667332925058912;0,0403496109518735;0,0334236455812837;0,0664315430965829;0,138576234459701;0,221996493894369;0,272246773175686;0,253313883933394;0,159912495727774;0,020535503306236;-0,11833372308991;-0,213613618400411;-0,240790533713699;-0,200905022373759;-0,121923646696072;-0,0511398931850891;-0,0346047700892929;-0,0894716981790956;-0,1856337696427;-0,255636122078526;-0,235858415676901;-0,112603835242737;0,0655323681197825;0,221171601670139;0,298696626049646;0,292895606960248;0,241816326242185;0,1969134938778;0,190455355302425;0,216227509759308;0,234756518536783;0,199300798476905;0,0853823889553578;-0,091538580052698;-0,280685315108512;-0,42072984321045;-0,466825984551166;-0,406581209182394;-0,263557324169245;-0,0879906215821431;0,062865546978487;0,144368724176462;0,137755430317486;0,0590427492194166;-0,0423715314483371;-0,103212560345072;-0,0756634435038517;0,0487548941580067;0,231131980997683;0,396350057163126;0,460664630189875;0,369895110880942;0,133766021620119;-0,16641075196688;-0,40789213763645;-0,482162748080024;-0,350793858695295;-0,0731576568770398;0,218147257016278;0,387667591779652;0,367001063606523;0,179708118178039;-0,0837464854322137;-0,313397424208561;-0,422588051801768;-0,377834692515303;-0,209586314846575;0,00552087820562937;0,18406234391359;0,272796679183561;0,262102402746187;0,174125613884354;0,0421027720138514;-0,100902826725698;-0,219533675903419;-0,273374391270659;-0,22978005211296;-0,0884272035584816;0,106048514062155;0,280759070024319;0,371367225024678;0,353409315872245;0,248617606865447;0,105925117396597;-0,0245476572313604;-0,107731224923434;-0,129775518279693;-0,100337924355683;-0,0504943788143773;-0,020766038232717;-0,0409134338262566;-0,112927514929762;-0,20873186491686;-0,285680674408967;-0,308557619511369;-0,261551506772276;-0,148248602434647;0,00921055073543769;0,169344833177975;0,282353578569074;0,316953527119356;0,281079562068294;0,214252407805157;0,155735936706606;0,116084831252687;0,0786878533913146;0,0265954317240358;-0,0376942558859216;-0,0983349105335142;-0,143534386267998;-0,172458994901392;-0,188917725263872;-0,192884534777212;-0,180218383212333;-0,149161240846186;-0,102196795037996;-0,0424602611590294;0,0263392869160508;0,0984310270349054;0,169016511529072;0,235273871520184;0,287075850915614;0,29849491540014;0,239900760487752;0,106908617959764;-0,0609336181118208;-0,192399975990312;-0,224663848102431;-0,146306924236258;-0,0107623175729276;0,0956034720306941;0,109971115751902;0,0304314010740311;-0,0922938167348723;-0,196885326793525;-0,249568264739192;-0,250672714623825;-0,21669539433253;-0,161530298785006;-0,0904357811921195;-0,0067301144804864;0,0783453395457771;0,144207202644514;0,170799956241109;0,152969029567611;0,110986904396566;0,0873177365326793;0,12103081423399;0,2130496450539;0,314153935843363;0,350726387619981;0,270879458525314;0,0775999968247651;-0,172959748830768;-0,400753685647221;-0,534458574362012;-0,532563927559902;-0,393835537015568;-0,158361358259287;0,1050868696367;0,323044642880198;0,441112293897235;0,437412541482667;0,324144153763542;0,141094185745358;-0,0554705741762597;-0,207693717005253;-0,275261677446345;-0,252164423291735;-0,167169807278585;-0,0656745709972775;0,0128329458289857;0,0477948197130041;0,0386596067484814;-0,000324073046758902;-0,0476793471672897;-0,0835960622890271;-0,0974033164015759;-0,0899643609891201;-0,0678439804092171;-0,0324596870377597;0,0235862426760319;0,106235468070467;0,204988430638362;0,288573236372803;0,318209735808453;0,271156499082953;0,156326280670027;0,00956360437495853;-0,123764446224472;-0,206042686759201;-0,221428955084444;-0,182459843131413;-0,122531963838978;-0,0777859337658963;-0,0701147955996639;-0,0986530026412401;-0,141204920171178;-0,165834714409467;-0,14669067045928;-0,0752123647794673;0,0346898211750662;0,150493591361311;0,238909934524603;0,285422659010623;0,294569126928365;0,27355110830584;0,223257034948007;0,144093600627764;0,0415105422340949;-0,0751138811732207;-0,192644977188475;-0,289471561128715;-0,333580619824317;-0,295309650990244;-0,170654548081772;0,00614322635058787;0,173907972896824;0,271331379296354;0,262263937260885;0,149235397187563;-0,0287020700122064;-0,210804030752781;-0,332726475424195;-0,344726164995438;-0,23122093712029;-0,0240342252962664;0,203850440803651;0,367470636188316;0,408412821066062;0,320902669179312;0,149429668105226;-0,0387354605636261;-0,183669536780627;-0,250438063101306;-0,235902989529098;-0,165378818328532;-0,0783520621217426;-0,00993413082018357;0,0223674375554896;0,0212247633743762;0,00216213724929066;-0,0178324534742547;-0,0277096073399814;-0,0227525699527623;-0,00199267528902646;0,0335222326290899;0,0806583209340049;0,133148145515429;0,18187103207425;0,216465845022092;0,224655496470877;0,190491765102797;0,101589367527692;-0,0333202792603993;-0,175361360355166;-0,271461415798916;-0,286467541654302;-0,22550964090535;-0,129384006354675;-0,0480803300432697;-0,0107076768689761;-0,011245827032459;-0,0198007470872131;-0,00929415803207603;0,0241244050732583;0,0620452489816972;0,0823013750548832;0,0764377929622515;0,0533671285047654;0,0310193807807382;0,02393091139397;0,0350595644089846;0,0577160459722645;0,0842786204674331;0,109544765066958;0,124999017867646;0,115636122949664;0,0682473580534809;-0,0160213931870197;-0,119593699355771;-0,219002967943539;-0,293909570841287;-0,326620357729229;-0,300359770853212;-0,205495880208867;-0,0518579096945813;0,1240971845655;0,268100351462493;0,332335642511868;0,300457691772811;0,195612663408344;0,0663474712315881;-0,0380417723124331;-0,0856392697894275;-0,0689173576258712;-0,00738558120478574;0,0571952920194296;0,0815575498350956;0,0479534009045121;-0,0240153296403555;-0,0888099206556104;-0,100907507818639;-0,0436172046239335;0,0539899657573112;0,129386792847292;0,12563765622418;0,0292241273477938;-0,120068501578791;-0,250666808702419;-0,295705615694063;-0,226243772717842;-0,067264542597552;0,114275749722283;0,24495894329923;0,280074487187872;0,216038063509832;0,0811315366304384;-0,0792988954555996;-0,214893805964915;-0,280952464890334;-0,250436489821141;-0,12656176729624;0,0509276666388492;0,213292524754239;0,288054542112617;0,237124268382428;0,0848731182707497;-0,0901632025700159;-0,198701322745689;-0,188812495400717;-0,0693663389658142;0,0988918761690385;0,234560720409637;0,271668070631299;0,186858344706361;0,00985793924810323;-0,189251344788885;-0,332127340479643;-0,365069866293916;-0,276014248936446;-0,0943144494500627;0,119245146793276;0,290522188173813;0,358803491432133;0,303229569726081;0,154170865992278;-0,0187731929495518;-0,137312274828833;-0,150861865625675;-0,0639376390111638;0,0639196481568967;0,150999102814834;0,138163536270172;0,0200209592355407;-0,151042436737963;-0,293262764067706;-0,344427533613071;-0,29574646285877;-0,18465551793819;-0,0612690148834668;0,0397133273771293;0,106750755205249;0,143504175853861;0,157973469962763;0,157463022349175;0,149110807338332;0,139742083312595;0,13121206632754;0,117557607461756;0,0901238990869564;0,0453012962949054;-0,0117220422202362;-0,0660087820472509;-0,0953167600968851;-0,0824784309660912;-0,0333774014050373;0,0180732187727048;0,0279657425042251;-0,026378092708109;-0,1242977847176;-0,207540555396755;-0,213088026650135;-0,11500308169381;0,0502663190394941;0,19656802108858;0,238023802165018;0,146326931048953;-0,0269131220031991;-0,180689764784028;-0,224890307055733;-0,13123093612859;0,0537695445398774;0,239389749737015;0,341501899580132;0,318596171547555;0,178638205361647;-0,0321997949120852;-0,246988294971097;-0,399297783390773;-0,445650148359079;-0,380312823009727;-0,231611404925603;-0,0422580663532171;0,148619977476595;0,310751544837702;0,418964190888731;0,449681602338347;0,385534730586052;0,227623779302919;0,00676307430780615;-0,216047532245799;-0,365983178941113;-0,384841476971697;-0,260487226425706;-0,0369613126376566;0,20014990321422;0,35432242009286;0,354267360204934;0,187633468693905;-0,0833253183683776;-0,344896043826027;-0,489011870871781;-0,464897364908334;-0,292729462072955;-0,0425351122646689;0,198726314181113;0,355779543604357;0,386914883038831;0,297158483219449;0,136253921702731;-0,0220434406409678;-0,114301821923425;-0,117193293721842;-0,0525696109436029;0,033178028612556;0,0965754600873389;0,111242567562016;0,0677553958480553;-0,0260628896180654;-0,14059825014428;-0,230139683096851;-0,256549096314815;-0,213148855692792;-0,125712220530509;-0,0326153004783333;0,0348976956008609;0,061017750735313;0,0486915384224813;0,0220570421044641;0,0181015465821089;0,0644764994344837;0,15980276557729;0,272534255023417;0,356597000467324;0,370596670073422;0,292478707469021;0,129710152093803;-0,0765400847539296;-0,261100537943634;-0,362871677494905;-0,356744378258579;-0,265562861165681;-0,145829891322149;-0,05809088591791;-0,0352373954305838;-0,0627791140185477;-0,0859915989437437;-0,0476825961490359;0,0654099270081132;0,205708615914721;0,294827584570229;0,275424737987461;0,144831085207061;-0,0450032526165995;-0,214353638462784;-0,294732443994732;-0,25974122540689;-0,13431623994682;0,018731108820988;0,129572446563612;0,154751403763752;0,0950923439609799;-0,00827069040872994;-0,0948152521025013;-0,113190020324668;-0,0443065366762704;0,0920652324249567;0,24527102250689;0,350520957303713;0,354368158466145;0,240382069789523;0,0389873309118512;-0,182214380016528;-0,341482903440392;-0,375400684134593;-0,270934821958415;-0,0760734394729612;0,121312798700222;0,23339256440876;0,211982447318752;0,0728027526979136;-0,109791155952374;-0,242372419787002;-0,264442168138823;-0,174865061732418;-0,0206030389258916;0,131486445974053;0,221432309970734;0,216732810729715;0,122732688026218;-0,0210901736331678;-0,156639995738808;-0,229392617438412;-0,211290569463835;-0,11229871540021;0,0277794002629452;0,159688566213804;0,243343970437561;0,257000632207085;0,199228279024334;0,0893056882829481;-0,0361577486413062;-0,136059045100178;-0,183170121270106;-0,174647172880385;-0,127263631569667;-0,0646576365881847;-0,00727093749808997;0,0319691139627647;0,0500808122118608;0,0565989351214927;0,0699322173799294;0,103308075798238;0,148848578811334;0,175447117266843;0,147467032913087;0,05066832105617;-0,0948475366965798;-0,241313463261011;-0,334035977940671;-0,334739507536162;-0,236039900615585;-0,0635491593369775;0,131700680123344;0,289681187677545;0,364672620779568;0,343878972324325;0,248673840845338;0,117826716336775;-0,0152495754571628;-0,133408744517187;-0,228513854624055;-0,288551319760561;-0,294805513605634;-0,234999829657628;-0,122150621680723;0,00258602674546382;0,0913940973236299;0,117609269483954;0,0861727957577627;0,0244323791864708;-0,0316157136247082;-0,0480693403550347;-0,00545918868989678;0,0867853441662724;0,18692450824725;0,239696299653511;0,206245847114126;0,0852571139917749;-0,082266420497699;-0,224509877211157;-0,267749161724007;-0,176222409925443;0,0209054748151821;0,238546861592777;0,37687537545222;0,369564301388994;0,212882171406724;-0,0374122031459291;-0,294053508874531;-0,472291161529732;-0,516834745783877;-0,418085149841359;-0,21399509126266;0,0254667499926751;0,224638012482158;0,327900283551794;0,31713612295635;0,216268348696893;0,0791614407312302;-0,0369473914150434;-0,0958388265119762;-0,0885702326925935;-0,0283407325977505;0,054598484579528;0,12316003439055;0,151241024559911;0,134252016364553;0,0829967511493658;0,0112387900917907;-0,0707133882189567;-0,153046315332377;-0,218905154903952;-0,243257918785374;-0,20288125080632;-0,0917603390926673;0,0665551340300354;0,21867969024978;0,298427963930242;0,256867343315603;0,0917311449450409;-0,141772663395282;-0,34910037855471;-0,436355481171183;-0,352552190255766;-0,116068905121751;0,18718809153149;0,438706540410252;0,540259846954234;0,455494598509399;0,220616883073184;-0,0765091863086301;-0,333888247217438;-0,469270842715308;-0,440683561356903;-0,257352259923847;0,0179754509743491;0,285804910033034;0,447608828090878;0,445344876609316;0,282576469803351;0,0207684184134942;-0,244809496508814;-0,420755687550853;-0,451636215910966;-0,340028210086423;-0,138956283359986;0,076371509244581;0,240328208619547;0,318505047773774;0,311484493041265;0,240526968822029;0,128853389659242;-0,00299199888226981;-0,127384422854292;-0,205060982338768;-0,201718568884945;-0,115829235708019;0,0103125663267337;0,109589331367009;0,126352399647067;0,0463081999668396;-0,097124448012966;-0,238943633386909;-0,309524409637902;-0,264240805979123;-0,107988340916414;0,101015308854226;0,279434342528807;0,363266868182145;0,337172060202468;0,233760966202142;0,108281812864415;0,0051953879330664;-0,0617321295966461;-0,103929914492337;-0,135724645536149;-0,156042194802457;-0,149608360603689;-0,105813273334654;-0,0360135338372533;0,0290897867012802;0,0591636887698401;0,0437180549951717;-0,00253697649623415;-0,0501018029347264;-0,0713169931374746;-0,0555117102797037;-0,0173212020464301;0,0123285565593825;0,0114651829345916;-0,0137559651764369;-0,0345756034137931;-0,0223939006824314;0,0328232908187561;0,118254635482507;0,203738400031864;0,25295921871623;0,239449467880845;0,161692479164755;0,0457482205334357;-0,0682859921895407;-0,146495512682081;-0,176754146695695;-0,17250297040671;-0,161876462712615;-0,167806691596518;-0,192596357774021;-0,216442576964579;-0,207670444609974;-0,138646233226;-0,0033363221565666;0,168699630873078;0,312663465054481;0,355422010775221;0,261062019218266;0,0627170472649922;-0,146386277425777;-0,261252694530042;-0,222585731225088;-0,0461849109483472;0,187777769363086;0,371684574182892;0,417833005443574;0,301026168001782;0,0716367738899849;-0,174944419744189;-0,350155057916938;-0,408790723899321;-0,355636897284276;-0,229089563509853;-0,0755599926538889;0,0685128448682355;0,177006766272594;0,228558775040579;0,212408759249193;0,139051999269009;0,0396422138007979;-0,0461258906625504;-0,0860601347786548;-0,0688889600965586;-0,00889991613352506;0,0604472040653288;0,101458248402141;0,0912941255092152;0,0367077679874661;-0,0298949092449213;-0,0768711754666221;-0,0997002594004819;-0,118841495721344;-0,150626425993139;-0,18318281532668;-0,181986266050071;-0,118820185064265;0,000292660712542546;0,132149429576416;0,223443332078688;0,244167316072725;0,19750432749781;0,103563078711898;-0,0160373310557299;-0,133273867080481;-0,205682621615365;-0,191646285294077;-0,0819315345218152;0,0856940304864405;0,244189346702706;0,330420161207372;0,312390997999586;0,201230766178447;0,0440230236012348;-0,100085048338783;-0,187171872098382;-0,204359350958776;-0,170576734452159;-0,124661168580591;-0,102135163969558;-0,112135044110226;-0,133677573430709;-0,136076212265314;-0,105801891537161;-0,0545446821993624;-0,00306620117441955;0,0375745435743697;0,0672944314979461;0,0860037211783226;0,0888790028798036;0,0732862522009617;0,0473874979530154;0,0313905347744568;0,0493346769419482;0,113695333927636;0,208336131068595;0,282020139869414;0,268478924786874;0,13159409510543;-0,0948775911344637;-0,310086422499646;-0,39921895607127;-0,305145033967886;-0,0706319645699864;0,180727105616597;0,315839303285397;0,268082726890358;0,0701469932970639;-0,171158691555694;-0,337473972888978;-0,360106609062659;-0,247550486091767;-0,0688087290097617;0,090704716168732;0,170000996333777;0,153111583529606;0,0689951496983441;-0,0271029965132194;-0,0842149537323046;-0,0815456851680027;-0,0331626579108733;0,0294029581333604;0,0815936146614618;0,118677411887275;0,149227795558731;0,179272011491198;0,201853318724361;0,199012381016321;0,155180427538431;0,0704457313277149;-0,0390163007684404;-0,150706956247788;-0,244150937138443;-0,30374257553953;-0,318645122399226;-0,281848673713861;-0,192051766632819;-0,0601217243530438;0,0861366876609682;0,207388829236472;0,270157881459917;0,264466944180844;0,205794264181478;0,122182254933369;0,0382308601333877;-0,0366594660685756;-0,10788670050779;-0,178226234734652;-0,229059066510848;-0,225523931924947;-0,14320426640261;0,0105453366696955;0,193528397177068;0,341330657890776;0,392409227959069;0,315770039263308;0,127987306652312;-0,107754585633248;-0,303497935282524;-0,385162375662554;-0,329836222633497;-0,176532539172701;-0,00184114049939983;0,121159354547396;0,154357219753366;0,10420024242418;0,0115430199386578;-0,0720529826380329;-0,110164254504377;-0,0950710158010421;-0,044499860993851;0,0134664750362949;0,0584927910905079;0,086768937683577;0,103862059021936;0,11060680142823;0,0989619634029447;0,0629099281185608;0,0108595951721792;-0,0363596122167459;-0,0609916341029758;-0,0585300129619848;-0,0316490769058657;0,0177575134458131;0,08415417035715;0,149710793569135;0,187020468501076;0,17399694065254;0,105371188682277;-0,00873174504478955;-0,147652852011938;-0,279955103067389;-0,365492183573341;-0,368036090862516;-0,273879751890152;-0,106423190376017;0,0742689293205908;0,196966595341225;0,220669697733485;0,160226988981106;0,072044241086496;0,0109760039883034;-0,00323417110179883;0,0158594025463866;0,0477178053891932;0,0853420413761305;0,130707222564653;0,174159922912288;0,184773833420668;0,12690543367521;-0,00897590996061053;-0,187595683184141;-0,339138369077261;-0,39479653910118;-0,325763570063693;-0,158067586681314;0,0451981891237546;0,216378161892854;0,308025973805269;0,302078061880271;0,209435128249453;0,0660792830553217;-0,0755442211322324;-0,163309515158642;-0,167182680639734;-0,0935606611133117;0,018847786373094;0,120931061682864;0,179716448634854;0,189303915429023;0,157591476822576;0,0857865190586345;-0,0329780864418071;-0,190814374736805;-0,343878951043165;-0,423513482179936;-0,379479117753949;-0,219465829392932;-0,00892882771168009;0,168517211940007;0,257054478100369;0,246608477113683;0,160034740800822;0,0380636119314528;-0,0650002597456803;-0,0935473028294603;-0,0184988707031417;0,140414639068208;0,318449899380619;0,433303195441019;0,419719964200696;0,258356997037204;-0,0100317456974282;-0,2940588499311;-0,487487984465585;-0,519126905569265;-0,389464554413315;-0,169154315911742;0,0397976478720301;0,153221495957803;0,138156280933079;0,022358714229719;-0,120888182565192;-0,208584625685507;-0,187295054023223;-0,0572021697891902;0,128524844005856;0,290278278918999;0,362648155511957;0,323844671758799;0,19653615614588;0,0300205572043131;-0,118591253001931;-0,202884571921554;-0,205631788475326;-0,145049454593291;-0,0604738552623822;0,0114857458249408;0,0524407450971788;0,0648405214377078;0,0648951859163939;0,0679615922997262;0,0753690749939876;0,074740680033278;0,0534789144061028;0,0119332443352478;-0,0344513148679898;-0,0632960297726109;-0,0579845619535298;-0,0175418078209268;0,0414668044316311;0,0902769285206384;0,0991379456862969;0,0512066735177884;-0,0486775568188267;-0,174349751031542;-0,284934969446892;-0,336128045291674;-0,29791389085268;-0,173030671177038;-0,00158883670855808;0,155158595196103;0,242076310068196;0,23238708857729;0,138874345773413;0,0138035752307391;-0,0699076917906625;-0,056463450211188;0,0575685030335219;0,216342762085885;0,333528675555054;0,339666930579484;0,219215757731967;0,0174682545001345;-0,182955068340876;-0,302598740759036;-0,305190429680543;-0,215823142278752;-0,101094387309924;-0,0224721064225888;0,00124484577164318;-0,00517600304476461;-0,00425972036499269;0,0199619913135136;0,0512656756957985;0,0619282224425445;0,0439862515343079;0,0165649839656996;0,00186072070887612;0,000468870138518681;-0,00511377416246656;-0,0271988339613762;-0,0574680241032526;-0,0703120657952999;-0,0397021635792302;0,0397423958813855;0,142251232041652;0,22130744876432;0,233762126039285;0,16171612067362;0,022806371094544;-0,13550279133768;-0,258723196450887;-0,3127388399379;-0,295704606262746;-0,227326415458048;-0,128239257184854;-0,00947355513251039;0,120610287270101;0,24216995695829;0,321072123604587;0,326683938016506;0,254359192665648;0,130355622994528;-0,00220611647185918;-0,104096027201435;-0,156015743086029;-0,162162352574378;-0,141602866764484;-0,11781066580693;-0,11208900871016;-0,132702475789991;-0,161288552860483;-0,156581657625208;-0,0823036346543618;0,0616798213852565;0,231586649147464;0,360674684073517;0,391748566608449;0,303830183472108;0,123655216323163;-0,0840358066835494;-0,245312054766061;-0,310290994718017;-0,271268555470006;-0,157539903089743;-0,0161669070704248;0,107247255543173;0,180535081288968;0,188415200152225;0,129304814879588;0,0125567333534823;-0,137488952911845;-0,277650674694486;-0,355649789460409;-0,332788361064935;-0,20310661868308;0,00360478380311967;0,231786421129178;0,416503625836181;0,504168778016349;0,471550520544703;0,333848584602108;0,137905950816962;-0,0559831462966477;-0,196742518427959;-0,261809454193555;-0,263244823246603;-0,235489946384763;-0,211403676636891;-0,201256090373167;-0,188131994764103;-0,142446778852926;-0,0469841848347866;0,082827270726968;0,199499933754042;0,248541250653333;0,203238200743784;0,0856924377979656;-0,0413291530034677;-0,107904230030253;-0,0778065758252771;0,0270020681322157;0,137437365120408;0,180968109684682;0,128500813629069;0,0103257130073371;-0,108420696818066;-0,171527011710342;-0,162215115032592;-0,101380531794534;-0,0234765267155751;0,0445996497672896;0,0887349964058155;0,102310843641266;0,0833641723317198;0,03845168762029;-0,0172839247660824;-0,0690448977405497;-0,109670349107797;-0,136474803241667;-0,14419744322611;-0,125760861298021;-0,0803292310465413;-0,0174120292149567;0,0493337431355672;0,111066371582096;0,16377058076936;0,201698503790651;0,216809255146399;0,206483617197129;0,177324895287635;0,136799006380802;0,084295578819339;0,0157044144542204;-0,0659917086457362;-0,149563535126102;-0,222822910472425;-0,276325383400417;-0,301411269891694;-0,290611649722176;-0,241625563482233;-0,158338523590541;-0,047610480620225;0,0802549400911377;0,203698630827068;0,286868889974811;0,293561694602551;0,212032942915169;0,0706843803654204;-0,0722879306250688;-0,159332207628734;-0,159327621623998;-0,0752983267036818;0,0597263693660526;0,193324931959749;0,273398870460038;0,27199328524786;0,197589374878902;0,0866451072170918;-0,019873714081025;-0,0991048144328122;-0,153936091159377;-0,202850517815665;-0,257964493193168;-0,305729349038715;-0,309909099104186;-0,240646236365042;-0,105266316170195;0,0498941715929759;0,169171057590408;0,220429642222985;0,204585187256765;0,142739516066688;0,0598469912291559;-0,0239150062167183;-0,0932617036737689;-0,131305589411596;-0,117089835446071;-0,0362265060254076;0,103184710741591;0,262689011570911;0,382128238094059;0,405772129031019;0,312513039996332;0,12843742839508;-0,0871799579710679;-0,2698326537494;-0,374075019976969;-0,386680281992155;-0,328461874705849;-0,243410209821536;-0,170805404355606;-0,112378279644981;-0,0327779431790836;0,0892966039526366;0,210520580320142;0,246007893126872;0,154776822228528;-0,0103410456668717;-0,140557519602828;-0,146756830943328;-0,011345663691288;0,202487514241961;0,384135618001941;0,434856054314742;0,318072060460978;0,0767553105838918;-0,185596013941591;-0,354993553472328;-0,363653814479991;-0,214287690165186;0,0346520264637395;0,289235913914549;0,435318864013625;0,379694544673245;0,116663807523336;-0,244085014264934;-0,536080414338589;-0,639643221902217;-0,543110787632692;-0,325596458493066;-0,0960721954815416;0,0640780418652094;0,130313574562527;0,128554660446295;0,103349196952851;0,0865334696073889;0,0883781428945026;0,109459659642354;0,151346795046487;0,21091601384519;0,269684741261822;0,300016474400709;0,284872655449926;0,2273005000561;0,143642099684179;0,0535957479611146;-0,0246186363125029;-0,0765921276310257;-0,0981865028071517;-0,103777187085454;-0,122891431298573;-0,17932608455504;-0,26684993625167;-0,34457640484299;-0,360495624337253;-0,286509637246886;-0,138028707405525;0,0342204289934743;0,17043333530001;0,229291922538985;0,204245532650476;0,122032199427257;0,026726723982347;-0,040860264418584;-0,0587122958521792;-0,0286166462960442;0,0286650532024299;0,0848628804622592;0,116551595216974;0,111457446402203;0,0694050290127188;0,00244085439602534;-0,0686820999638075;-0,123932928145699;-0,149368391179819;-0,13259343031971;-0,0609163498437313;0,0676772467504628;0,226887141666993;0,353715780117895;0,369751500716525;0,232584805061884;-0,0201535015225592;-0,276573664596276;-0,409578793485252;-0,350003187163475;-0,12562360530135;0,154999997086193;0,358452356265671;0,389314132252243;0,233406757318388;-0,0345154437871723;-0,28659883437698;-0,410815159440584;-0,374811200804853;-0,23787139830227;-0,101327996488559;-0,0384959763698164;-0,0544710586157103;-0,0976062135576014
0,00109601633674485;0,00906579015119126;0,034884794041466;0,0830788260542339;0,135999582520849;0,155895828521494;0,108734511730471;-0,0103696954125091;-0,1700516800789;-0,316519464236051;-0,396447978636929;-0,376832083505265;-0,25721254088117;-0,0719727582222408;0,120922761061143;0,263787626085885;0,323460104367573;0,299559443104537;0,214684938153024;0,100426427797543;-0,00976473349714285;-0,0826649182761509;-0,0913419108617652;-0,0285256842572235;0,0835639770072932;0,19931357196963;0,268666780549292;0,256276693781592;0,153132050147538;-0,0192668569166783;-0,210689430894982;-0,354088788554305;-0,392498581705867;-0,310669181963005;-0,147656167369968;0,0225394167538783;0,129978429780093;0,141349364127903;0,0681902444371303;-0,0465836545270248;-0,149367503037018;-0,194124599297663;-0,157012998483959;-0,0467909553949357;0,0944561575807389;0,206907536049266;0,24296180150148;0,194837659592735;0,0981597472534856;0,00691257598347463;-0,0406095380539128;-0,0388181384619241;-0,00572094205008763;0,0373289901883896;0,0757829000905827;0,098324454808262;0,0939113609866078;0,0590391545245706;0,00493511227945327;-0,0494278027378446;-0,0919596206037251;-0,12155121307462;-0,139795197369493;-0,14484686659531;-0,134503496138575;-0,110784464921642;-0,078741061348576;-0,0425346330049581;-0,00515714287601729;0,028082767860777;0,0485579542061071;0,050128550611543;0,0373615196333378;0,0271196987457162;0,039565466191749;0,0831843494851408;0,144742397764839;0,19465445625957;0,20539034180626;0,166607848803968;0,0853358320935947;-0,0226003202329584;-0,136122077528415;-0,225747223996961;-0,257161309409106;-0,209836257736776;-0,0974024592036807;0,033345542038119;0,129385556009669;0,161594730499777;0,133615086177509;0,0686333827476615;-0,00875603010409036;-0,0807400061529434;-0,133753040483117;-0,154931598668626;-0,134815227746775;-0,0745785760182541;0,00865267423074751;0,0839595864416441;0,119005860397818;0,0989862194619112;0,0387145777809613;-0,024420160537128;-0,0525443288435793;-0,0290871894937855;0,0320288993348877;0,0943810861649077;0,119361753381068;0,0867818682101914;0,00666709554497082;-0,082042861363739;-0,129452523237469;-0,104446784767214;-0,0172116156614815;0,0843437078067908;0,143940672356217;0,131284075112022;0,0576746382103338;-0,0359648029002446;-0,107145303516592;-0,133697088585274;-0,116913493279111;-0,0719763673439409;-0,017679565553252;0,0287007271579004;0,05278566806548;0,0461210021955653;0,0124412897291509;-0,0299989247151421;-0,0566460993999456;-0,0508261859944917;-0,012825920304258;0,0419823250161088;0,0923212619111123;0,119550258130459;0,111767608741463;0,0658451640673724;-0,00926532935675366;-0,089561435948161;-0,141188812131989;-0,138038320115467;-0,0802855811275933;0,00419828366582317;0,0775370507831613;0,111841928346258;0,0968417286204431;0,0383409672423499;-0,0414171322394185;-0,104347901098081;-0,111677706560043;-0,050338639767858;0,0533452337139069;0,147717811527141;0,186426551774251;0,151983077845922;0,0585473862606498;-0,0605189338821806;-0,166190305616342;-0,222683699476065;-0,206793286771851;-0,12005998530217;0,00571506043710283;0,120319017353046;0,179687635401629;0,166131826733432;0,0926731035688031;-0,00647289269205809;-0,0910776404034942;-0,129605195722655;-0,10993399645467;-0,0434874405801315;0,0395343723005148;0,104529638653857;0,130654966731706;0,119617053967793;0,0866909962643772;0,0428980722613682;-0,012428820908426;-0,0807924823650846;-0,149148233760139;-0,190300030893247;-0,181774632904836;-0,125157935384702;-0,0469312697113781;0,0212807271817873;0,0656808020290683;0,0942504998464882;0,11862054914737;0,135565791413571;0,128945550786243;0,0877996099882154;0,0199378965720577;-0,0510497903126091;-0,0989478605591888;-0,105140982097816;-0,0635253604602221;0,0138683397302447;0,0940550056781752;0,13561395122256;0,115606569911904;0,0474669204021667;-0,0311347652433556;-0,0889906737852128;-0,117637907520688;-0,120929130098476;-0,099218145975358;-0,0502678056664113;0,0179279632775051;0,0826416890833625;0,118606598417281;0,114080655157661;0,0738027540609253;0,00933503608908618;-0,0684063607338049;-0,145611370087292;-0,198127577381638;-0,195551079005131;-0,121526431196456;0,00649528854123527;0,139564578018222;0,223104261916401;0,226477024983224;0,155986044709079;0,0472080037565955;-0,0544267196335878;-0,113997055238061;-0,119817836151954;-0,0830908153019432;-0,0264484140650056;0,029573127923916;0,0736747117683731;0,101967404939879;0,111526457490189;0,0974517214270291;0,057370684037122;-0,00147592904340317;-0,0623350641638225;-0,109413977965281;-0,137961901269528;-0,152133170311686;-0,15382069146686;-0,135284435028879;-0,0841016861801237;0,00210511196868842;0,103755700348417;0,182709421543461;0,201632475893668;0,146142128333072;0,0342915113442971;-0,089821326032271;-0,172417671411952;-0,172616687298929;-0,0852106244606908;0,0503085903116913;0,165754281649343;0,202085847569329;0,148059737788474;0,0492282622410041;-0,0256937108131697;-0,0360505529827101;0,00555195816314705;0,0524577493659154;0,0635484428460289;0,0271518271597186;-0,0419172820737593;-0,118054135490852;-0,176780393347871;-0,199331974927002;-0,176165773350653;-0,111634208241345;-0,0236024131612377;0,0652357111284348;0,136485107685426;0,177125126366858;0,176483564497784;0,129218363555732;0,0437127686530066;-0,0565436344445884;-0,144102908805378;-0,199688843598535;-0,212958712570164;-0,176226570485881;-0,0849479182977978;0,051367952556586;0,199884705032066;0,310694917500574;0,338968125420817;0,269314482630782;0,1261877291562;-0,0366410187744468;-0,161353568806343;-0,211298470503594;-0,18257322414366;-0,0994938827971896;-0,00198882151103356;0,0686959972357789;0,0855389136857291;0,0475472805049035;-0,0222795081640061;-0,0918385860760337;-0,134653049704473;-0,137650671821686;-0,104217059234583;-0,0523001825846691;-0,00570705649727421;0,0179553541038952;0,0166287744897514;0,00581951759613385;0,00951491489117558;0,0416215775060822;0,090377548253078;0,122092544987652;0,107074797677666;0,0467009013628868;-0,0249296923577672;-0,0660441085921151;-0,0552398527529385;-0,00108956270479382;0,0682769630935787;0,122360726573247;0,140091015166196;0,114449095289354;0,0543339466093756;-0,0163135099251256;-0,0677421882756381;-0,080860589677734;-0,0591672012889252;-0,0261906943232194;-0,0100106102614648;-0,0265762726221758;-0,073323332469743;-0,132527539955751;-0,176114922010043;-0,172366295325211;-0,102175388914633;0,0208342169351962;0,146777524459536;0,213007706902654;0,181498162518384;0,0641165753711586;-0,0831743268744189;-0,193387206840448;-0,223996986451909;-0,170112917961608;-0,0534214908023913;0,0933263886759428;0,231570080473894;0,318683271246682;0,3196520596274;0,227496311019004;0,0746988964860407;-0,0798583329890819;-0,181754486878282;-0,206556537246786;-0,165333379671471;-0,0930622266573034;-0,0298782337833016;-0,00313527760830309;-0,0155668238318671;-0,0451096853275083;-0,0595328651904842;-0,0384142384802299;0,0130914442008275;0,0686309649482212;0,0992514279559404;0,0925648007764136;0,059767958729663;0,0260342657312727;0,0109850915063209;0,0151578679218245;0,0232261046040458;0,0172406072567389;-0,0133676262041596;-0,0667586074160883;-0,123987985413562;-0,151005412477156;-0,117283150312113;-0,0217217021862268;0,0982583031541762;0,185708857328069;0,197937368793511;0,130350364844034;0,0150111743311489;-0,0997719933026529;-0,17038123910786;-0,171012601214365;-0,102696381956545;0,00291300701147723;0,0932688953711328;0,120064166068461;0,067024778968288;-0,0390325537691732;-0,141515824997353;-0,182029762698072;-0,128516599353673;0,00722299388547517;0,170405552053556;0,285633197260247;0,293814476019318;0,18432715173432;0,00115467306202688;-0,180830894760825;-0,291164062812533;-0,289022755402405;-0,172138585829596;0,0239421167391516;0,2316435867651;0,367584389371679;0,365476929410795;0,213976724961166;-0,0299685803783732;-0,268609638279641;-0,412338722806697;-0,415682442208429;-0,286109185626335;-0,074135912233546;0,145497990789442;0,298269497955578;0,335251330969582;0,251057574195604;0,0865155746500285;-0,0881490198817296;-0,205228339939067;-0,230317266436615;-0,173248807460847;-0,073903315160746;0,024093244108925;0,0925551708605108;0,122133309111512;0,116782838214868;0,0902396918117164;0,0628874744380154;0,0491023472425228;0,0423181743790549;0,0200697566154887;-0,0300595389663481;-0,0915658213633823;-0,128748095225419;-0,115866731960109;-0,0586834478924025;0,00979670367535528;0,0540967511408323;0,0594758325469372;0,0355410223258516;0,00195733546272501;-0,0268620393409766;-0,0453555271023909;-0,0517527018285239;-0,0444116153282029;-0,0224843385736417;0,0138193626978041;0,0648974050279759;0,129089813218206;0,192579409759375;0,222559474337753;0,179345017047836;0,0468794799629977;-0,141903287788455;-0,310864505554618;-0,379849452311234;-0,311319823467712;-0,131158942551509;0,0874720812605714;0,259713010975049;0,322523694108656;0,257936069662614;0,101194145361664;-0,0744776695395619;-0,194723463891308;-0,221701268403725;-0,167177478838938;-0,074254539839673;0,0142872999287935;0,0762787031690763;0,109852562164123;0,121071312680596;0,113167426902097;0,0851033166834247;0,0366992284529349;-0,0271402912378575;-0,0954397215853711;-0,151008684251312;-0,172192960187402;-0,140768431893092;-0,0542557844236875;0,0665808054467404;0,183077695117251;0,255274097580568;0,257990812459273;0,186390832412429;0,0545206014331457;-0,104670674747028;-0,241313655176158;-0,304109650755209;-0,266798309973951;-0,14548355460437;0,00822087177999911;0,134371467088622;0,195536754755589;0,191774717640446;0,150242267680907;0,10019210406593;0,054867871397992;0,010950056122652;-0,0408888638771347;-0,104341702885576;-0,169234583387185;-0,210584558876136;-0,19985438419908;-0,125601170767871;-0,00865440761477901;0,104158163350687;0,167122087961773;0,162669263254398;0,107204017658065;0,0355456918184098;-0,0202427649131487;-0,0441838252284434;-0,0374032171575953;-0,0103354450499252;0,0247957073559049;0,0560289210071833;0,0731234209579614;0,0720626871667619;0,055909436871979;0,0281734868651827;-0,0117986270211034;-0,0625115690465029;-0,110048967235404;-0,129492676870875;-0,102102486360415;-0,0337736316843527;0,0429852552667556;0,0873203248896648;0,0749310735717384;0,00943111240825822;-0,0855263780474416;-0,17750135884957;-0,228231888073575;-0,201013997322396;-0,0837588310565369;0,0915011359828676;0,259432427757438;0,357049251409454;0,352453857666162;0,249336373286601;0,0787161347497104;-0,108384385678465;-0,250032658045015;-0,291580281468229;-0,210954260010606;-0,0371141294269757;0,155550137613778;0,279629488131799;0,276769768088151;0,146123121589715;-0,0561789420813167;-0,245453066766718;-0,346379834889477;-0,320314744337864;-0,176491430602735;0,0297822223677231;0,213709481151891;0,294797456045582;0,236545007354273;0,0672557149298953;-0,135270200615337;-0,285767685109988;-0,331110947816994;-0,264789475247822;-0,116910433251592;0,0637572537965012;0,223170449422978;0,313129434567059;0,307649918341564;0,218529427323566;0,0925840272716843;-0,0134043346375529;-0,06166149911387;-0,0471583617402323;0,00554302581630188;0,0543330629735564;0,057335496576689;-0,00488075715334996;-0,112780851219911;-0,212329259435885;-0,244462437213178;-0,182553156115521;-0,0508643216898015;0,0900389063023677;0,180056719095078;0,191530728082478;0,135673609047681;0,0460201576131232;-0,0419040767816071;-0,100862644351593;-0,114818217460623;-0,0839520186737775;-0,030009671196464;0,0118469611068826;0,016643410019289;-0,0126537550814068;-0,0513261769095031;-0,0739637031865748;-0,0691376083141321;-0,03925823779053;0,00721063966250996;0,0604009024239798;0,108249320702724;0,137575655085727;0,141005232392705;0,12257532865391;0,0942425757085874;0,0661665606810495;0,0396491682083244;0,00781700791443798;-0,0362564871710023;-0,0891925445880048;-0,133949906248317;-0,147938202818137;-0,116685401023228;-0,0446660169030586;0,0415257086028921;0,101328287834016;0,0995640211296965;0,0269609014544436;-0,0922880827330314;-0,210473462844979;-0,276112169329529;-0,253258150824029;-0,134512113529476;0,0543207069788044;0,258034345012898;0,405120201770369;0,433067194118251;0,321947135862625;0,114965326804588;-0,0984068873679088;-0,232563947750608;-0,252844502369451;-0,185065461413428;-0,086617581928719;-0,00855715075584124;0,0242290517701216;0,0129599413532998;-0,0229166435889727;-0,0550252818689381;-0,0573845009203031;-0,0190795834408324;0,047766537506297;0,112700815033394;0,144606658776431;0,129889344923605;0,0767563263784589;0,00552438770395892;-0,0618349779924836;-0,105740921835765;-0,114332806315391;-0,0934471088375632;-0,0663942039001798;-0,0547136991831367;-0,0583896175095133;-0,0573847610584979;-0,0307977664662024;0,0262282472561413;0,0992143437856882;0,16246426541657;0,191906116106909;0,175476003550916;0,11615819817839;0,0297936438034872;-0,0587104264565099;-0,122774313483904;-0,145270780198256;-0,12548388067032;-0,0764845488143461;-0,0179052183369292;0,0291938221579441;0,0464040847653363;0,0252141548024497;-0,0251320545039031;-0,077842568303125;-0,101015555702715;-0,0758352381311254;-0,00967844862525203;0,0633226354096728;0,0989469134935974;0,073244786938982;0,00458117606623894;-0,057081068254614;-0,0685409367192732;-0,0247702220032067;0,0435806967908543;0,0976764204597792;0,114338177771824;0,0927524442138198;0,0501281144030633;0,0122637284007331;-0,000294385421995429;0,014626470057005;0,0379423088296238;0,0400226995471427;-4,0853133908697E-06;-0,0757113424442448;-0,149479644299199;-0,17269691798999;-0,119247325918032;-0,00675534994797043;0,110609866254445;0,172147634579379;0,143570180812688;0,0339907442634357;-0,109232505238382;-0,221688989596744;-0,24997740839677;-0,17708415318104;-0,0327310060751774;0,119950527854838;0,216040009001441;0,22039659303085;0,141432065392724;0,0228935206438949;-0,0778008073324056;-0,114369771808448;-0,0727807737132442;0,0194009830959094;0,105893207538912;0,136217522185912;0,0979655650501134;0,0186043138297725;-0,0610684746709996;-0,112191471837309;-0,122743797744909;-0,0911364257750128;-0,0255894873810822;0,0495230859016984;0,0949317382211365;0,0765347340204534;-0,00504129845433599;-0,102983393028556;-0,149380092015962;-0,10160005153813;0,0247553137086239;0,158919971473251;0,21416440262986;0,142994440169051;-0,0270915778901103;-0,205624440778332;-0,292532873577531;-0,235568664431679;-0,0579564798851397;0,153131523990622;0,290726128968893;0,287311397112845;0,155053235501794;-0,0243738903251199;-0,153926350703511;-0,177378393274362;-0,10066634588975;0,0248521953331565;0,135437559439429;0,183906520077431;0,156494631918336;0,0743576990500788;-0,0210262219466744;-0,0912216224995271;-0,120062591526283;-0,118490274761681;-0,112960477744887;-0,12450279353149;-0,150674525322105;-0,163004438842247;-0,126262270112767;-0,0290277069686952;0,0995198475556335;0,203148712437358;0,2331065585322;0,177323117328033;0,0655225026563905;-0,0478910549455705;-0,111240068922771;-0,102372429413666;-0,0417868376981951;0,0201673481314927;0,0385725830332217;0,00715684010961015;-0,038740655154288;-0,0521139447541872;-0,00906867235726036;0,078966279222047;0,175731735800941;0,237137429562685;0,227035406761319;0,133256478095347;-0,0213919490092759;-0,183254798288391;-0,287901035475601;-0,288486904333266;-0,181074746777774;-0,0111103980162051;0,146818323934988;0,222854483747673;0,180055695230791;0,0292552945955327;-0,171862451648558;-0,339204731023894;-0,398338989112042;-0,3197864143347;-0,132900340691828;0,0917705587661528;0,280040475902441;0,384743545271499;0,391992595472138;0,31031436300798;0,161520343764073;-0,0180756936551464;-0,17495622956194;-0,250569147677312;-0,210336074444388;-0,068099465920391;0,11598957561239;0,262506334463917;0,30659113561915;0,224588187823875;0,0465697548475371;-0,15310770507969;-0,290887663332499;-0,31959456265809;-0,252990790335851;-0,149377517727245;-0,0685818114097639;-0,0365030135891855;-0,0380118809211605;-0,0347997115687219;0,00642074859533237;0,0906520271317561;0,188733812735504;0,252766178265287;0,243796514362663;0,154586489891606;0,0152328836601206;-0,11897775983772;-0,192383425210969;-0,177203545637178;-0,0890466553040239;0,0228786895516727;0,104980822311415;0,126737536534352;0,0889572393550704;0,01407613713886;-0,0667589981150763;-0,120474000577545;-0,118856739476185;-0,0541221345261022;0,0460692661965956;0,125973022859688;0,134963791927201;0,061564953487569;-0,0587795858694881;-0,166030631063166;-0,209256724879688;-0,168403890510111;-0,0561406789640558;0,0905053230834751;0,220445733969477;0,284855195662427;0,260415565547283;0,163305090824346;0,0379451633892307;-0,070821739467269;-0,137597673210495;-0,15743030742594;-0,138160788519555;-0,095702180189323;-0,0516069390380808;-0,0277054931073365;-0,0368277648507421;-0,0740490325970928;-0,117108167562982;-0,139795343655118;-0,128697030511281;-0,088499567037753;-0,0318616435155886;0,0343973050586454;0,11175980928971;0,199606436174396;0,284247127397247;0,339295653067845;0,338004850649588;0,267864682256246;0,137877412654174;-0,0230708327680406;-0,173495647321001;-0,271016467749498;-0,288842763603962;-0,23154021658524;-0,137025172183058;-0,0569264211177836;-0,025588444780629;-0,0401780001756762;-0,0668299789540389;-0,0673827582777045;-0,0255731206806662;0,0457799327759171;0,116474224951095;0,15562707671468;0,144063861773388;0,0823917278139832;-0,00693526126208026;-0,0896429014950003;-0,139271531039722;-0,150247286893986;-0,132013788794058;-0,0925825884245225;-0,0314327117776369;0,0508360596178352;0,139425533129963;0,206001328062963;0,224418866743894;0,187289387058413;0,110188065354465;0,022584188302924;-0,0466435286146405;-0,0808430532938759;-0,0807427251301535;-0,0628095187964609;-0,0495358354044685;-0,0535050647183304;-0,0670360995698485;-0,0692731260864483;-0,0452149192898352;0,00155336297247874;0,0519498867340048;0,0841725456597587;0,0848032020862801;0,0524382516294582;-0,00364173110117543;-0,0650981623136993;-0,106509764085675;-0,102535461752814;-0,043254148537851;0,0503622221141876;0,127977933990637;0,136774817621455;0,058669915123866;-0,0718153025057701;-0,186040939810265;-0,223183424587398;-0,164760564734356;-0,0399847521665544;0,0953092017653199;0,187200995552137;0,204423929065863;0,147841721963894;0,0481173510912733;-0,050596512803622;-0,114559825064802;-0,134553538929373;-0,119062516379008;-0,0764175469446189;-0,00792942779753989;0,0793513755425509;0,157002008531264;0,180899299546131;0,122374732550524;-0,000129326756978229;-0,122118911557743;-0,172619013684731;-0,121160794709062;0,00504473146929074;0,142433105746682;0,228478055314267;0,228085042092376;0,141213898433892;-0,000745331351159992;-0,14629145986253;-0,244564800449283;-0,267311019050136;-0,21570715128137;-0,109495039475997;0,024924695161665;0,155096019490223;0,240471368261104;0,242800292798877;0,147945112941971;-0,0189379434638731;-0,200092308534434;-0,329398379928266;-0,357932590238869;-0,271116761279488;-0,0954339643525036;0,108432232938738;0,267898117826402;0,328743233305849;0,278693220559641;0,15246664642184;0,0147898147618244;-0,0723538828499633;-0,0817402229571917;-0,0324565951398149;0,0269121994450837;0,0507744827587863;0,0229580693675354;-0,0358958849763368;-0,0824837242614976;-0,0799571829275749;-0,0232666337241987;0,0577370540069289;0,117790011478239;0,122659041975973;0,0658037292183722;-0,0316223393820067;-0,132498278705438;-0,198181118093134;-0,200998509702856;-0,133783856422087;-0,0150685017176807;0,113097652226961;0,198191385812418;0,200220777523125;0,114836322175034;-0,0195390867952852;-0,140578827778752;-0,197144703460059;-0,175713869540342;-0,101337586036354;-0,0169000597310421;0,0436455661356801;0,0712216265417798;0,0776656974058415;0,0797615652630232;0,0873186014494955;0,100255925668926;0,110495619331925;0,106692282978328;0,080606399722858;0,0333178144266184;-0,0207991886363879;-0,0582872700170485;-0,0620686413636801;-0,0375195641584747;-0,0127670711556453;-0,0196638226372459;-0,0692892072910935;-0,140643303585138;-0,191300925630564;-0,183462751222662;-0,108836175604932;0,00338636002113275;0,10073921135782;0,13585522387083;0,0930182663320119;-0,00184062317565185;-0,093194195585264;-0,123841986346012;-0,0645068591454927;0,0709112734180496;0,232317691310122;0,355469881832001;0,38575635369757;0,297651188844247;0,108556441855322;-0,119923670040553;-0,302229409661377;-0,366827031559682;-0,292657563929087;-0,122339382702636;0,0579501385227282;0,162129955960885;0,145802878245642;0,0238758782224466;-0,139395209412486;-0,25969346633577;-0,271169093214849;-0,160455966157811;0,0223082950822599;0,187531585165167;0,256083008692241;0,204436561418292;0,0750644069550799;-0,0532542563404119;-0,11354135032133;-0,0852429108457091;0,00408061936452373;0,103259870475918;0,16552398803296;0,165006056939587;0,10209625507817;0,0016205443767576;-0,0967125516525846;-0,155335419173648;-0,15532101699106;-0,101995563602314;-0,019212601053774;0,0600114740984992;0,104049239614676;0,0960188158915429;0,0432868914959958;-0,0269778421394647;-0,0838688963574182;-0,10799668810157;-0,0976810196658315;-0,0649828697178413;-0,0257193200313361;0,00827183626546289;0,0314547301160173;0,0454412487834161;0,057782291743385;0,0749322449430343;0,0936676607175645;0,100238341901888;0,0802440074651501;0,0315041898596658;-0,0316921378715416;-0,0858101425301251;-0,109489606408144;-0,0924380726126963;-0,0392360975627622;0,0327473720858479;0,0983811714417542;0,129671398720065;0,10380171929815;0,0167657964295716;-0,105450620717163;-0,211731197064191;-0,250560672770582;-0,199881957325924;-0,0800280435819341;0,0592766325368864;0,166339288519616;0,209382324874097;0,183723069644246;0,108694791921475;0,0190603390029031;-0,0488151887507706;-0,0737005312887759;-0,0599735541864116;-0,0306931851379805;-0,00625851205356641;0,00965915002665211;0,0229814088509337;0,0349484603247825;0,0404642953383558;0,0372662786319998;0,0306671498225131;0,0272071063554869;0,0250765568484599;0,0127866235817722;-0,0212740562819484;-0,0760579651705029;-0,132605330115076;-0,161989849366688;-0,142341336318838;-0,0730858366006553;0,0236458819570435;0,112822890448152;0,158952601291744;0,139235030739274;0,0582324395706695;-0,0455336795636301;-0,11367288434643;-0,100886228148794;-0,0073235833934504;0,115208894101998;0,193696643181989;0,180654800439118;0,081090603999954;-0,0568060754147178;-0,172519563797493;-0,220605379546812;-0,183490545767593;-0,0753518272016294;0,058861123734487;0,157023673377628;0,169356407635334;0,0883567463244443;-0,0439663184879159;-0,160044614512656;-0,204981766247259;-0,160553017409962;-0,0433424926468139;0,108961069222624;0,246907155810656;0,317424997730716;0,282434590742151;0,143926263241297;-0,0458000431054708;-0,204659737316525;-0,263626842040934;-0,204153613732329;-0,0660206888845155;0,0761870331574953;0,150152905796087;0,116897221843156;-0,0143190800947601;-0,189477957906379;-0,330207160173599;-0,366010011619829;-0,266173630212313;-0,0554404794669163;0,194603246409487;0,393586189761232;0,467954633021571;0,390723010670177;0,193220304643335;-0,0470757249998226;-0,238046275387198;-0,310166510786326;-0,243436782162441;-0,073658463486543;0,12377564064035;0,266508310475952;0,299700045764219;0,215631156977978;0,0521196942772016;-0,124429320725;-0,244127158133457;-0,262260547529588;-0,181529654568699;-0,0517024613004541;0,0591136670648525;0,103577295257533;0,0765463186059223;0,00777646880351557;-0,0629055442045644;-0,109358271478288;-0,127797796926707;-0,127641330499207;-0,114894237484503;-0,0838480488198156;-0,024934656339165;0,0591710911354217;0,145044175977478;0,196605924222878;0,186672954783349;0,118280477309591;0,0285147535958864;-0,0310879959998759;-0,0257711174270026;0,0390971660363414;0,118770091633422;0,15713072629765;0,123230966497657;0,0282858742799706;-0,0861901057860651;-0,174590512308503;-0,209154436417361;-0,18831508589325;-0,131147572157038;-0,0634200954130883;-0,0033910512910112;0,0453514183206662;0,0896836131112471;0,133323921019406;0,164949823066547;0,160651742115521;0,101520673690871;-0,00689819314205063;-0,131040438333393;-0,227338486635845;-0,265084318642252;-0,233403586740797;-0,135533332119673;0,0112593216592086;0,168357005226948;0,278936591330948;0,292285832391187;0,195836621153523;0,0292731211451291;-0,133137137435779;-0,222472847904286;-0,211006474622647;-0,120672302454873;-0,00284235424715044;0,0923037489781047;0,136764839292168;0,127667617248459;0,0792168217513606;0,0154592401319347;-0,0355617717492143;-0,0518897711987113;-0,0277391139174994;0,0257154318588127;0,0878910934749136;0,135641558307886;0,145821334546849;0,0996938289484131;-0,00406350626768941;-0,134649092197301;-0,234276102479861;-0,252491443051062;-0,183721924406149;-0,071517267308158;0,0234145121828848;0,0605842913226867;0,0364873422378342;-0,0208297808918395;-0,0687150082577505;-0,0693188291372332;-0,00744017685050047;0,0971941261093711;0,193996265257918;0,229137471562992;0,181383696464884;0,0773343082505434;-0,0261346764130577;-0,0782766664021844;-0,0644496180827539;-0,0109122580604397;0,0353040727483545;0,0345133173991449;-0,0260001531091128;-0,126354183115416;-0,220474806496983;-0,25240772992181;-0,182473638998607;-0,0158570242615707;0,187190663823666;0,335734119586257;0,356276755972485;0,232886555088936;0,0154273417290985;-0,20375830743336;-0,330619203380406;-0,312614413745326;-0,166087701172876;0,0307280898985232;0,179572845425943;0,215411524925655;0,140064853914725;0,0158286138343831;-0,0777309282399592;-0,0935763300631172;-0,038219569754711;0,0447716726666382;0,107229707677349;0,119080643207905;0,0748679848788548;-0,00665123632737376;-0,0869787687458829;-0,124357610631132;-0,0995969321509325;-0,0304826750704562;0,0403738036463844;0,0741287164647864;0,0571679914294895;0,00311352569437456;-0,0592563617558739;-0,10060449086352;-0,101600115898491;-0,0597882741245431;0,00726003266516626;0,066722501815372;0,0856046301543236;0,051647450337979;-0,0124210656269726;-0,0571799562442735;-0,0398545267954379;0,0404093251051387;0,136625879521846;0,183418709789104;0,137589171649353;0,00353130025015424;-0,166503959010771;-0,294919202368486;-0,314685415740475;-0,204418116686345;-0,00477509030897411;0,198255251475474;0,318112339483655;0,312084613095338;0,196223547601422;0,0268531578716108;-0,130523353138474;-0,223129415692687;-0,219679781366279;-0,11720472146329;0,0492142523750812;0,209441883909878;0,289204588971826;0,253074499189915;0,123038878157694;-0,0423024375742459;-0,185171609096972;-0,271097401750743;-0,288755382115674;-0,242476158646239;-0,150582540765976;-0,0452250925376087;0,03740073947206;0,0757264750463167;0,0751226500411525;0,0597242909348889;0,0497185059857015;0,0482784402459503;0,052159102687652;0,0690766893301499;0,113303735024044;0,179319858838622;0,228091409740155;0,21096342420216;0,11064506295593;-0,0422577009327072;-0,190656428861186;-0,286199760547065;-0,309432249063046;-0,269591686767566;-0,19527826415212;-0,120008789069711;-0,0606013803222882;-0,0027932811049657;0,0835647374737015;0,206201465504198;0,325786606355675;0,372761524950391;0,297034658587507;0,112657970341768;-0,100657093282419;-0,244658887582438;-0,262587702905121;-0,167898348571587;-0,0276162673420062;0,0816911535927538;0,116070289698142;0,0803652008695608;0,0158890351941223;-0,022139155911905;0,0100564023135714;0,111096160082752;0,213654579663256;0,215615413677078;0,0570858238139087;-0,221805295271749;-0,500285181040641;-0,656644364202626;-0,631847726040169;-0,429938426530078;-0,0911413569695398;0,306032061060199;0,631895626780102;0,7475921469058;0,595934429803439;0,250174821056445;-0,126943931538044;-0,367277455685215;-0,374873502354316;-0,174385270527733;0,105109031859809;0,315184848458274;0,375790746260598;0,30008197483911;0,157136211157851;0,0172226488443157;-0,0805907541847433;-0,127925848619126;-0,133344164080939;-0,117846401517286;-0,11317284928682;-0,145016689417062;-0,209122463008092;-0,268184977135677;-0,281100677959247;-0,238760578054676;-0,169937201303846;-0,113798801647498;-0,0848602175174205;-0,0582351901267324;0,00909959440839041;0,135935989837073;0,293194471768278;0,419115788939555;0,457122525836314;0,389584883447837;0,246710274898597;0,0841798033970495;-0,052587116146563;-0,148955725118197;-0,212095665250101;-0,243306113275399;-0,222355045071703;-0,125488634046229;0,0390254820445587;0,215603519610492;0,323695510693072;0,300371738649044;0,134619189577598;-0,122642538532043;-0,377300851286377;-0,532854819900941;-0,53094841966009;-0,371839787660066;-0,113480221939983;0,149310681685826;0,326480964056305;0,376115207916952;0,317070533174661;0,20409563657535;0,0907075924164616;0,00700225502486931;-0,0389931502461248;-0,0479157883664146;-0,023241574300543;0,0212975952991075;0,0556489290631843;0,0438344921611676;-0,0310593580246262;-0,146436079174588;-0,246379699247799;-0,274683425769901;-0,208618240375873;-0,0703419053033669;0,0850151444961338;0,195333397268119;0,221531700567285;0,167047380511686;0,0752496547766739;0,00806443119509632;0,0160156055619546;0,109085803411979;0,242696989616978;0,33213501412149;0,293493258912328;0,0935466931996465;-0,217669654575809;-0,517168510808945;-0,667891958124247;-0,595558878278417;-0,331570894102532;0,00765628778338009;0,286366999630066;0,41440067886661;0,377198111531939;0,225073528239352;0,0382167704601321;-0,10932075357764
0,00133348654303957;0,0110641429699814;0,0425034116564883;0,100164082018217;0,159735481238439;0,17274262527466;0,100457956041165;-0,0536590505137354;-0,240475855186983;-0,389352015135252;-0,440461019027716;-0,368913689685774;-0,195049616587141;0,0211733502130769;0,203460568034196;0,293975566679919;0,281151512762227;0,200718713389191;0,108712442825184;0,0480680202801875;0,032816700207752;0,0545304956305943;0,0962285089218061;0,139355227564757;0,165090878113388;0,158488580169727;0,115782200208532;0,0476876770440843;-0,0262505969335614;-0,0892824034120391;-0,135343956659415;-0,166728525359328;-0,186555900534968;-0,195177830236751;-0,191741007682088;-0,17557370238873;-0,145321958154271;-0,0998393463332706;-0,0433962127516732;0,00989897690597979;0,0406025277619422;0,0376362687526906;0,00936229177250938;-0,0201184044624474;-0,0264986541687621;0,00148632460195412;0,0591625794849775;0,129955665757148;0,190961143654152;0,219481699797023;0,201239807907818;0,1382182411472;0,051616258503135;-0,025270846519657;-0,0641216128322245;-0,0575096997600409;-0,0204006751249944;0,0217912576750934;0,0460535431968944;0,0390146469055331;0,00020999518541241;-0,0576725771955718;-0,112223814952041;-0,139448376271514;-0,126264866107441;-0,0805016593743035;-0,0279307376959984;0,00480818775341108;0,00801502478991192;-0,00819301737776008;-0,0267060629953156;-0,0366434450761371;-0,034946236305238;-0,0217159993974393;0,000372280216581353;0,0237975289575861;0,0389330180757388;0,0423793870953834;0,0415380311793582;0,0479798091335463;0,064858230507884;0,0807533860270612;0,0769424420341307;0,0431486728212757;-0,0124284382203657;-0,067749440507694;-0,0994020991033433;-0,0914378905953936;-0,0397742009151363;0,0427064323543951;0,123312412617265;0,158758369550349;0,118336323004433;0,00752474337481476;-0,127545766200399;-0,22242346373984;-0,229769910992158;-0,143339444351891;0,00274987896524928;0,151816643738553;0,245940505388494;0,24676740581502;0,153844421533485;0,00976157262945382;-0,118745245684431;-0,17806024342462;-0,158568046753691;-0,0944917195858324;-0,0331318284577578;-0,000896964202911063;0,00623367913035261;0,00627177886976199;0,0107358283635082;0,0192526193227688;0,0274836656894572;0,0338044432018383;0,0368666698105018;0,0309620033000313;0,0099038205873407;-0,0229486949988453;-0,0523781769906969;-0,0618811285212487;-0,0455758432919387;-0,00953534016617754;0,0348795246226521;0,0759602474261151;0,102375403022511;0,104760176695608;0,0808160382844752;0,038904584385098;-0,00600050388993606;-0,0416939387399276;-0,0643777499492965;-0,0752324142759231;-0,0729145584538864;-0,0521469757296575;-0,0111827721897574;0,0396318714954245;0,0777763651627161;0,0802943604104139;0,0399525927686092;-0,0285152148363496;-0,0975454230880671;-0,140991982028761;-0,142980234256009;-0,102362849922328;-0,0348428025079145;0,0324078659324027;0,0755020002195416;0,0878471707412284;0,0807751751499463;0,0701909402953752;0,0618626619077484;0,0489518550681967;0,0235617834610933;-0,00988041429378051;-0,0337122873970153;-0,0302698129897769;0,00296327275286009;0,0498796601920092;0,0857545609017559;0,0903461667372025;0,0552170581095184;-0,0134359911732199;-0,0942550269341599;-0,156733328238145;-0,174481146678096;-0,137268747540996;-0,0553390172903495;0,0436719733442379;0,124668278536018;0,159255813551258;0,135861614736712;0,0617086577058521;-0,0385423058450224;-0,126691346672743;-0,16494691603394;-0,138010167318607;-0,064473609381195;0,016031322592424;0,0688952101986551;0,081745791083308;0,0642441339387559;0,0372161670500556;0,0201287035180479;0,0223679626844509;0,0410653060480876;0,0646959778531717;0,0783400838429383;0,0690021956934203;0,0328772919944004;-0,0193149673903226;-0,0669853840181481;-0,092201716944193;-0,0884749407028781;-0,0601651462877368;-0,0175948872306417;0,025825508748389;0,0546592671293291;0,0557137023615917;0,0271354579662229;-0,0159347805212997;-0,0496033269272559;-0,0595660900399876;-0,0513561269939384;-0,0414367272488342;-0,0399848376084093;-0,0437395357204532;-0,0422519988652864;-0,0267238568578728;0,00657859698905993;0,0559079161299461;0,11133390426741;0,15213212758442;0,152681483082699;0,0988835963449545;0,00372728770900243;-0,0939706083498575;-0,150442679225611;-0,142042943309846;-0,0764953904897962;0,0145862196154001;0,0929878369948259;0,128721189269638;0,108402314365165;0,0399116325034442;-0,0485515673103148;-0,119846455125911;-0,145795747550196;-0,119816128920529;-0,0567730745176837;0,0166206553296232;0,0729837805314237;0,0936478932533413;0,0758231721716247;0,0343332467213489;-0,00562298856853094;-0,0225656949467863;-0,0112172719075225;0,0153004281432028;0,0353522320505464;0,0347591791550525;0,017528658472952;0,0011070895414771;-0,000769142282405278;0,00931635233751458;0,0165359378000832;0,00864857358193067;-0,0139871913458782;-0,0411867695050054;-0,0618297658327049;-0,0680879769526489;-0,0550183434972452;-0,0232927568469756;0,0154865350770697;0,0409550116313072;0,0373069596312525;0,00741532509246491;-0,0261426338981601;-0,0365547247615454;-0,0139992110492646;0,0247750458648634;0,0487808833964714;0,0379468054411443;-0,00148545554085413;-0,0433669918588846;-0,0604132875484836;-0,039584938468901;0,0126800601035413;0,0743224385739072;0,117555483523303;0,120862715272553;0,0788987921058256;0,00640518447715815;-0,0673800798155677;-0,112756466317119;-0,113927029411762;-0,0753518360370286;-0,018065309896483;0,0309625344072576;0,0513447190929896;0,0385987543069494;0,00605791169254931;-0,0236731030894407;-0,0344871399856408;-0,0273725900028173;-0,0161315549150419;-0,013155173720102;-0,018570637766387;-0,0209257087875316;-0,00731087180949247;0,025984009052002;0,0705800191171007;0,111644925776979;0,135446350673592;0,132753552813818;0,0986641247002791;0,0342011430263798;-0,0490658748511898;-0,129284571827715;-0,184566143539495;-0,203723181853285;-0,186094923022698;-0,1342595012673;-0,0518814296280664;0,0498714474968474;0,14595071209502;0,202150004418077;0,192549883029745;0,117079438406209;0,00429985265480193;-0,10175549093865;-0,160144594233385;-0,148156296880035;-0,0701527991821541;0,0425951847048222;0,143917151388629;0,192374601266729;0,168552045202644;0,0829339916215461;-0,0288340608277661;-0,123074329311842;-0,168553530943872;-0,156740854553075;-0,099416644194871;-0,0225963136355537;0,0403415059184211;0,0613670741792687;0,0337883262775411;-0,0206171464966344;-0,0621875085696771;-0,0579678955437139;-0,00423899823963378;0,0702912073154092;0,123515492844752;0,126686623173248;0,0808192124576059;0,0141486364434913;-0,0363164621665296;-0,0471535860728968;-0,0207809988048287;0,0187167472479073;0,0421958221174363;0,0343776494530203;0,00358215032539574;-0,0251174861168815;-0,0299020520246727;-0,0104029268114;0,0111945812488055;0,00781802481014969;-0,0303210720406681;-0,0876835061737383;-0,135457831068538;-0,150974679515075;-0,127583817126117;-0,0720219313748978;0,00136553511749028;0,0730634269266766;0,121210401751932;0,130894411656139;0,105314335014394;0,0656324544463351;0,0364382763292033;0,0299318812635203;0,041978949818912;0,0594280283955756;0,0686517996478786;0,0592211333183536;0,0256810473164264;-0,027919099467016;-0,0835189753719202;-0,114006792640037;-0,100567224340653;-0,0495543081148612;0,00832068106313384;0,03817292766245;0,0235040440300897;-0,0262801134853744;-0,0844433812882044;-0,121433060451066;-0,117794389188085;-0,0721604826017607;-0,00178101428591831;0,0645363476954981;0,0998445681888376;0,095555055235962;0,0683785621516023;0,0457763735766752;0,0410589722631103;0,0439550600331395;0,0352573952774141;0,00825785834853451;-0,0242684676858146;-0,0413007542688496;-0,0304653468102284;0,00379421535859286;0,0457276814143651;0,0794617095797967;0,093799793741703;0,0806639604038339;0,0373984805315015;-0,0264819263070764;-0,0897716137104933;-0,131602402463757;-0,14376950651342;-0,131685955022067;-0,106206464885717;-0,0759257973430876;-0,0440474629100523;-0,00942725523391164;0,028682590333196;0,0656647912078413;0,0916594481238787;0,0970801535605116;0,0792442011470065;0,046556100701884;0,0168470261583438;0,00750074736050721;0,0226842289995028;0,0484409833750764;0,0611450822363814;0,0451895418450069;0,00710456016008829;-0,0284644909821204;-0,0402823306284975;-0,0286257854708259;-0,0115287666471691;-0,00566821672246636;-0,0141100276931479;-0,0307209179335825;-0,0493698392419147;-0,0644881388478229;-0,0673396003757793;-0,0503444316756924;-0,017144035154431;0,0161922539529521;0,0333727477259988;0,0314537304285217;0,0213157403243785;0,0143703142446836;0,0108193149992111;0,00317559239748439;-0,0102371131812626;-0,0191353054213612;-0,01089770809716;0,0145787159795695;0,0432960996343307;0,0611255407443866;0,0644233682574521;0,0554705383406044;0,034303124082161;0,000406251407359105;-0,0397738378793508;-0,071692808596694;-0,0810334347978606;-0,0630964023208006;-0,0248088300998654;0,019999720608515;0,0563441811695718;0,0721184079452364;0,0606650384601252;0,0231586255764717;-0,0280060633977448;-0,0694009803155591;-0,0778794819981338;-0,0479657565329937;0,00180109365158692;0,0410234258273697;0,0473965964210214;0,0192649699058262;-0,0258101507196829;-0,0623883235857476;-0,0700344203794969;-0,042497234213003;0,0092723001211525;0,0618613796691587;0,0902875109571725;0,0803503361512247;0,0366490017113716;-0,0190409369678924;-0,0592352782542171;-0,0652734534595475;-0,0363442952941359;0,0114090139276137;0,05414273730836;0,0722805658938935;0,0588337439972793;0,0211298198625736;-0,0229348261121544;-0,0533805469137456;-0,0595112826533708;-0,0460920465244044;-0,0270942869463381;-0,0121353431543643;0,00033768711032893;0,0166616198774929;0,0373952108807448;0,0544883422943859;0,0571065700697105;0,0395737237716022;0,00617799039042612;-0,0297920567798091;-0,0524019056618694;-0,0504601809976316;-0,0222925421695807;0,0220677567661064;0,0623949331203645;0,0760070463608099;0,0496142554077489;-0,0117564943055748;-0,0855301307382193;-0,142604341699272;-0,16096725191142;-0,133300270442327;-0,0671010724277788;0,0193300785401511;0,102545646465533;0,159761884818954;0,174548256192126;0,14279517783283;0,0758204373696555;-0,003499504986913;-0,0698376191305979;-0,104190766290506;-0,0988593333797734;-0,058907434992228;-0,00148007104668847;0,0486394573400092;0,0693017884146549;0,052603548476069;0,00946727267758956;-0,0363848075223265;-0,0619849229820519;-0,0579209354861016;-0,0309102271603299;0,00426676610615845;0,0333337449612444;0,0450945640644245;0,0329919380071591;0,000694850684439943;-0,0343638836829003;-0,0483877157993874;-0,0269540260323924;0,0237035885033224;0,0795989679162088;0,112692780904846;0,103641740282295;0,048603830741032;-0,0367903916464698;-0,118506114946938;-0,157375562779917;-0,131291665932449;-0,0508563093820057;0,0438740239675;0,105033427336528;0,104454643831724;0,048507772754222;-0,0301256628508146;-0,0946450576345326;-0,121462722406861;-0,104566575903685;-0,0530830066897017;0,0118108509512435;0,0625736064168156;0,0772611240492291;0,0539817149053366;0,0156359011715002;-0,00337832881484374;0,0199812777286548;0,0828777381924213;0,158132698007243;0,206133436799479;0,191324831058683;0,100517498505418;-0,0450717019505419;-0,19447632948644;-0,289017184966603;-0,290220737123931;-0,198579886761116;-0,0532848914852733;0,0869098546426274;0,169871296600445;0,168590974395018;0,0876582002490456;-0,0381871905632711;-0,152816254693233;-0,198736954648346;-0,145722912953201;-0,012399658799475;0,137558340584814;0,228295471851942;0,215279996124203;0,110177122108563;-0,0291544773886695;-0,133927676512151;-0,160415974983992;-0,106723403745469;-0,00572781105986423;0,0957406050744011;0,156631411761799;0,154283763875599;0,09234082664054;0,00041943492978283;-0,0810390136465404;-0,122432448457862;-0,115707793128535;-0,0699864157842953;-0,0028641646879223;0,0641350828996901;0,107763299341225;0,108791589056064;0,062432587124462;-0,0147509507294387;-0,0919937516562808;-0,142999773345707;-0,158784361645149;-0,142567677308215;-0,0972994889517476;-0,0257419448356975;0,0572300206681189;0,121150654873433;0,13683641160535;0,0992355321353682;0,0327212980581082;-0,0271589223146326;-0,057497745392981;-0,0562590075831122;-0,0335975239757309;-0,000606978851515078;0,0353620057276539;0,0699453170588813;0,0986574258900316;0,114464562910956;0,108605026062018;0,0740361455182322;0,0101585770184471;-0,0720001355065662;-0,148354567169114;-0,189085048283625;-0,172848399626582;-0,0994537637715093;0,00757236889088;0,110927036192796;0,175046191288024;0,178138535237782;0,118673550727146;0,0174289974457152;-0,0873954456779276;-0,154369660714689;-0,157768232457891;-0,100836096866674;-0,0145728614005376;0,058238061970077;0,0842718129460878;0,0545736475174581;-0,0120530180476402;-0,0768097611025587;-0,098566481914622;-0,0575939303659271;0,0276133673343642;0,107667830019116;0,134366010993437;0,093960058594236;0,0158122685160019;-0,0482823621240228;-0,0575597802421346;-0,0064937756487315;0,0738698421830041;0,136342033016487;0,144849447990842;0,0911809609956896;-0,00494547318023314;-0,107105708192634;-0,177179977261194;-0,190306166320375;-0,146864236341378;-0,0742739197147342;-0,0119312891732052;0,0134820467309623;0,00256280323575788;-0,0233848814885132;-0,0401829455618355;-0,0326065558521356;0,00382489199096471;0,0613243280011645;0,116504762506048;0,137939873836612;0,107864914585039;0,0393067154091937;-0,0291976463085167;-0,0577460248117649;-0,0297683628741872;0,03907544770353;0,11139401438963;0,148402902897976;0,128082462778217;0,0549434707957071;-0,0420518409240436;-0,124117589005431;-0,162307358985857;-0,15032063684894;-0,104043682969866;-0,0501397592052522;-0,0111602526390974;0,00456285370048011;0,00289000820085188;-0,00496041694500836;-0,0122778198509617;-0,0199484448142453;-0,0315341309251034;-0,0458844022956468;-0,0540517606104451;-0,0429806932317753;-0,00327828661471785;0,0630664882367255;0,13833147683653;0,192143941709301;0,195009271241935;0,137128127284905;0,0382002738857819;-0,0619313414029434;-0,125205177744471;-0,133571651370376;-0,0934776742620748;-0,0280896212896993;0,0344473619936337;0,0699905984379617;0,0647734438174751;0,0214473419528285;-0,0390954889405119;-0,0869783151718048;-0,100616934107497;-0,0780276185719291;-0,0329172645538266;0,0183407249738703;0,0647591119156939;0,098147174496014;0,108303235752563;0,085917739023252;0,0322749253145963;-0,0348554482751089;-0,0887204466090807;-0,110169277990186;-0,0979597944749061;-0,0654029683508031;-0,0297092560898707;-0,00266244976908402;0,0130951146051143;0,021630874697336;0,0281630152090972;0,0352345239914545;0,0426708172104629;0,0483498907763128;0,0477567868804924;0,0363956172042343;0,0161675589687786;-0,0031318798000469;-0,0118144864473317;-0,00812848403693895;0,00278392849382203;0,0144973429763734;0,022562791481239;0,0251338786436826;0,0222834284460437;0,0140043293037554;-0,000690982643094824;-0,0214188360294982;-0,0442705924383106;-0,0634788007917134;-0,0738282081529561;-0,0705439805373266;-0,0508996182625651;-0,0208390584720231;0,00188776317834841;-0,00124149992827786;-0,0303258251731421;-0,0598943951378842;-0,0545309960657036;0,00364596690405961;0,0969321897423279;0,17903793042958;0,204609480825031;0,158608782362538;0,0632405460394054;-0,0380101905122682;-0,103858864786036;-0,113884877968136;-0,0767477565744778;-0,0235151590488681;0,012409615914168;0,015740755543453;-0,00463689493394827;-0,0268975274763792;-0,0340766330644232;-0,0239945593245478;-0,00541721347368919;0,0125210671238274;0,0255926222560361;0,031034489582576;0,0242637893659007;0,00346545459152725;-0,0241053842742708;-0,0458143812216452;-0,0554270406802862;-0,0575486641101673;-0,0576802236114832;-0,0500845234859461;-0,0198768276979484;0,0394835582887523;0,110219368373314;0,154877761036353;0,142228872358827;0,0722572326741927;-0,0235033697334754;-0,104575784636157;-0,143291454687624;-0,130571063048462;-0,072021625182627;0,0148651294827399;0,101861408337464;0,156251968584731;0,155227482399392;0,100251605674106;0,0176243617677092;-0,0582353460086727;-0,105196327494592;-0,120139186337723;-0,110004835555148;-0,0815903781309129;-0,0414009850281348;0,000120851025063325;0,031451015317873;0,0477369203928455;0,0513180358153269;0,0442198805154651;0,0249612595384718;-0,0049608126927261;-0,0346198486297671;-0,0477437385985883;-0,0346884275211685;-0,000645811499890509;0,0372455522419177;0,0609529452995858;0,0614219998216159;0,040176662368618;0,00430312642573057;-0,0373817538486485;-0,0731177591280578;-0,0881613375564702;-0,0723134396035908;-0,0284697580336607;0,0285893935968582;0,0818320765015031;0,119694920456003;0,135703262498703;0,123520369517019;0,0768533004172772;-0,00138204433354023;-0,0899662288764687;-0,154955860303944;-0,169921815326085;-0,132884195685291;-0,0644809693289193;0,00828453903871626;0,0659683730394019;0,0993768174916031;0,106247024606613;0,0893734256159683;0,0558496769554779;0,0139133137966076;-0,0307278788265571;-0,0742090026741187;-0,109735877060266;-0,124840809461323;-0,106344542400415;-0,0519055061131187;0,0218431275378236;0,0853910458924537;0,114120386630338;0,102113002143059;0,0615139543051192;0,0124174022779614;-0,0257217680466117;-0,0377417512589709;-0,0172943653980076;0,0257461186391644;0,0649062548491798;0,0714932503548949;0,034823229371221;-0,0284965315811231;-0,0846794924837183;-0,105525445828603;-0,085473151721763;-0,0392186166633389;0,0136095954464616;0,058699655240404;0,0860189321995229;0,0876896187854733;0,062100746969337;0,0168706179406202;-0,0362678313660439;-0,0871394165009719;-0,125381852572029;-0,137346629279741;-0,110844223260989;-0,0455899946440485;0,040873613494189;0,118350327718038;0,158412393271871;0,149484991301545;0,101349825290091;0,035681277783118;-0,0271223556296201;-0,0734671129742085;-0,095075816176904;-0,0879357789986857;-0,054455734186245;-0,00573250346878925;0,0398139194168885;0,0632911960015877;0,0549889051598398;0,0192529333787257;-0,0291745324483346;-0,0720412120071249;-0,0926491953909605;-0,0811316275104116;-0,0405444306722787;0,0129691450407033;0,0599211428949061;0,0890209313778514;0,0991913898440699;0,0929548360653108;0,0720221695088536;0,0397042943537741;0,00437650673818234;-0,0225916029823;-0,0345269041961725;-0,0355711439829466;-0,037299308638831;-0,0468620277858212;-0,0573784449783604;-0,0512370425993627;-0,0158426434523774;0,0412657776841846;0,0917769008653085;0,101956430937545;0,0530197942727821;-0,0462230220299884;-0,160893278763275;-0,244947108881872;-0,262035750298202;-0,201381546683059;-0,081641502487292;0,0574257457680629;0,172449931094678;0,236406375979012;0,248837378279924;0,227778647848965;0,190281481380585;0,140376908043061;0,07581106949275;0,00264787392955951;-0,0616861653405248;-0,0994067260498678;-0,103625765313489;-0,0799924303241516;-0,0421344008817729;-0,00840258361172961;0,0013124134642822;-0,0253249824495523;-0,08161384153451;-0,139667478950167;-0,16365294211989;-0,132262090625791;-0,055111025363244;0,0308519541542523;0,0840063311266387;0,0832255951459789;0,037967544189939;-0,0208799237805946;-0,0591859302932298;-0,0548188310715433;-0,00592042711407148;0,0677476048669708;0,132061340192621;0,155099966431175;0,12581932979974;0,0608461079400285;-0,00724246944783714;-0,0504671679438505;-0,0592055306918393;-0,0421543614902203;-0,0163405724446313;0,0045924983804855;0,0167315989432502;0,0240187106259003;0,0315728458141082;0,0404615113035523;0,0463003808742178;0,0410167787810822;0,0186454411608798;-0,0169745810083396;-0,0516204702282768;-0,071106980477383;-0,0724777358541021;-0,0642646332867696;-0,0563596074855734;-0,049954281598943;-0,0381610005333689;-0,0175666684743833;0,0032251784686824;0,01078063314157;0,00203794239912925;-0,0112970816194668;-0,0135931476304263;0,00124116439374797;0,0252723789036257;0,041847600053827;0,0356927243147187;0,00269108155784626;-0,0452566330427534;-0,0828614690289468;-0,0815791172971625;-0,0256334031081707;0,073395849083034;0,175833296207543;0,232805114917054;0,215143521634251;0,130844254808299;0,0160396324516665;-0,0905324192242916;-0,164780435253336;-0,196611058173596;-0,183622818017785;-0,130863907641114;-0,0535708046784345;0,0252661150681287;0,0835394427702691;0,108811599741263;0,101215498452061;0,0700476003910344;0,0281888663571553;-0,0116491104264707;-0,0381792297879563;-0,0433404525304461;-0,0268088022317697;0,00111298707064715;0,024169775495535;0,0295704982047974;0,013603080156395;-0,0190775180551295;-0,0580899069776453;-0,0885709334779315;-0,0933752358582594;-0,0608376876066009;0,0039240754943656;0,0752151119720642;0,119123564592084;0,115353880481293;0,0700483971399251;0,00879590522957581;-0,0411016839970751;-0,0628051393630561;-0,0528621378455528;-0,0213631518870518;0,0103687943350501;0,0199394845081355;-0,00122039457366994;-0,0407348039351138;-0,0730377213375043;-0,0756203047452986;-0,0425235255921;0,0122594164064221;0,0640030583677869;0,0929812873671868;0,0932008204442593;0,0689001883235879;0,0277623882536679;-0,0207945441376262;-0,0640020462380994;-0,086747563064186;-0,0776644925438438;-0,0365281048931191;0,0232976970970841;0,0797771380394822;0,112148083642242;0,110269946787581;0,077640001539386;0,0279333312061717;-0,0216283194561345;-0,0578620717830987;-0,0761473407947805;-0,0782405994190101;-0,0667395571003627;-0,0430055362865521;-0,0106549676463099;0,0201163419091792;0,0347445294705091;0,0244840129692934;-0,00428989239720667;-0,0323021594960122;-0,0412077202922038;-0,0275554367229404;-0,0044345053830624;0,0103609477358244;0,00787269984455688;-0,00830945201808613;-0,0274751816034477;-0,0379533290305018;-0,0304385076602438;-0,0018097297824329;0,0404351088542384;0,079376149082333;0,0981613235466509;0,0908686034742184;0,0648378844928565;0,0325630578822745;0,00191769670869913;-0,0254147956471338;-0,0472583278392912;-0,0563346857908942;-0,0457813000211866;-0,0188022261386991;0,00966025948430265;0,0218287685511949;0,00834668759652251;-0,0271565002614545;-0,0711318282240798;-0,105057580170834;-0,109813286753251;-0,0729088536956518;0,00142185215482196;0,0878473796683237;0,149339804499347;0,156965255096629;0,107162267317431;0,0246632807249055;-0,0508214034815711;-0,0846234737365934;-0,0620096373343492;0,00586466244135467;0,08408280601969;0,126366012015981;0,0976729747575611;-0,00288391260731174;-0,134615557575921;-0,23365338564589;-0,248998267594008;-0,171015323209628;-0,033270766850221;0,10854268525749;0,20286842766253;0,220119247768074;0,159695748269428;0,0489128572745322;-0,0659352705646183;-0,137217083084902;-0,13697602721196;-0,0699528643744595;0,0294086842703289;0,115011281722771;0,152548832553722;0,134058598749182;0,0757300796313128;0,00464887050976896;-0,0543555024158683;-0,0864049801716927;-0,0892314359075254;-0,0713921031732378;-0,0468757676207757;-0,0283548233776657;-0,0214471216516132;-0,023376686091559;-0,0278518445321999;-0,0307044332086049;-0,0297218104075067;-0,0215708956374278;-0,00304792915878464;0,0231460553758243;0,0452503250450127;0,0486647881889634;0,0285995868218099;-0,00451303682208849;-0,0346855302743606;-0,0535698568394339;-0,0613475144693875;-0,0581195067000682;-0,0405815861622349;-0,00735095769586636;0,0360530591945127;0,078901662368276;0,113355690117725;0,141608789017216;0,169794238262708;0,190999776250804;0,181295984027926;0,121834492152398;0,0240657547180441;-0,0732678748223849;-0,132830870340827;-0,142723776773918;-0,118165846668626;-0,0880177510518075;-0,077900128060696;-0,0963935795889376;-0,130181791451619;-0,151678352686631;-0,135765692729708;-0,0764934307977116;0,00643320863574679;0,0760539568354975;0,0974601438054061;0,0579972949765914;-0,0234251620711168;-0,10501021829871;-0,144075881906444;-0,117905455808884;-0,0316173827372624;0,0870809493748642;0,199445073220596;0,268909182358018;0,274612168174272;0,221155187781632;0,136222098516317;0,0539165970999202;-0,00434295031356041;-0,0361716567065795;-0,0499122615170576;-0,0538078476270081;-0,0526837087860938;-0,0500988530828784;-0,0494121946237492;-0,0519803346065258;-0,0557584819167169;-0,0571680865601404;-0,0547056559517084;-0,0509921112814173;-0,0516704276864538;-0,061801541738868;-0,0819609543136865;-0,105178425019174;-0,115611230629138;-0,0932741302488378;-0,0277869140947757;0,0663997595305104;0,149076822541378;0,176132088142341;0,131396338408954;0,0408308079662037;-0,0454152534349124;-0,0865153428721264;-0,0719232447817069;-0,0196165838183653;0,0396391204050622;0,0799009074560981;0,0907805251264317;0,07770388714364;0,0553701682134539;0,0407282758971886;0,0464856975118874;0,0726130626526655;0,0996488862549118;0,0949095611663758;0,0350497022324849;-0,0717073556205021;-0,186307882644434;-0,262545599156563;-0,27082805419467;-0,206678306955767;-0,0884709024689736;0,0483349788105609;0,160408918518157;0,210681122219953;0,184575509646421;0,0989450212119186;-0,00494033786650454;-0,0811348484812822;-0,100592772981656;-0,0652319657528929;-0,0063141269577507;0,0352587101091476;0,0345891148015183;-0,00383795287279874;-0,0519881765560373;-0,0767470626281465;-0,0594364139103521;-0,00592839673450228;0,0570549210766012;0,0965125366584886;0,0914491100789988;0,0448669263231129;-0,0186700138003647;-0,067341155119382;-0,0770812814831148;-0,0396765602024108;0,0356338592350636;0,123751867133428;0,188366194746349;0,194638773239941;0,129819233271394;0,0164844014756704;-0,0968146323765732;-0,162423975735934;-0,158496400390968;-0,0968424664968593;-0,0136286338871802;0,046852149200423;0,0486661113315161;-0,0193341899104387;-0,131745617975117;-0,231628123921855;-0,258474104971796;-0,185401086774897;-0,0386909504631227;0,116606870656345;0,215593252895926;0,229665430456;0,176288588864344;0,099533719926269;0,0394403957178744;0,012547772893305;0,0117372682272511;0,0179270399163998;0,0136803316806575;-0,00661646047746291;-0,0341188358623214;-0,052822928391329;-0,0519836270092786;-0,0338351485504895;-0,0102518309012522;0,00886363077841208;0,0236949289894457;0,0394483788926954;0,0541100381633878;0,0551786868972397;0,0311068883271847;-0,0149824371107513;-0,0649932421264122;-0,0994583770491687;-0,110186000192345;-0,0999563825169617;-0,0739477504571644;-0,0355104785208413;0,0107219247793053;0,0560092091981241;0,089682478399919;0,103186093091321;0,0927404396978223;0,0607092784303384;0,0162568930745892;-0,024897233653633;-0,0446372190489895;-0,0331983029408999;0,000916150393262883;0,0346516739503025;0,0468913324086074;0,0311737823928095;-0,00637313878077934;-0,056346477080972;-0,108793695126899;-0,148079017463887;-0,152772343122585;-0,108387672444404;-0,0213757820654846;0,0814781418108077;0,166868143536107;0,208718011458028;0,195347821375923;0,133047819059513;0,0459211273401724;-0,0332260529564117;-0,0784627239765248;-0,0827025066095954;-0,0599555534973071;-0,036846775834419;-0,0357591504104329;-0,0590556356875629;-0,0879105178696071;-0,0990517102241647;-0,0839305374711498;-0,0510800155958488;-0,0122194900396761;0,0290943125712499;0,0743538492755816;0,119965723382414;0,153652278962676;0,160968077542434;0,134024670224659;0,0743837943862766;-0,00857438894823122;-0,0986417821068038;-0,173064988956421;-0,206486844626993;-0,182022775196331;-0,105039081068437;-0,00584159516159589;0,0766331404470618;0,117438513918933;0,114707131175404;0,0828621070201204;0,0422853067196105;0,0118177383222052;0,00231598034174133;0,0130322262200389;0,0348278721653054;0,0571044158769608;0,0714559139682467;0,0710687534523335;0,0502170400498693;0,00612558916377384;-0,0579255383084039;-0,129818273608392;-0,188858059720888;-0,212746298489966;-0,189329276553698;-0,123891799756483;-0,0351361132868041;0,0561077984952415;0,133605982455844;0,181761603336646;0,181363289405284;0,120245375919165;0,0131929984943196;-0,0942005265971397;-0,14944222830868;-0,126447613599095;-0,0401594211200152;0,0682784294876146;0,159576591674974;0,210862898489863;0,21071217202336;0,154652450138446;0,0550675917631208;-0,0515294436150008;-0,124165656924476;-0,149834690895012;-0,144698761036736;-0,118140075968745;-0,0544006377693501;0,0491602145757314;0,135499377248154;0,113627177646938;-0,052886620230335;-0,295824291499787;-0,483798248092854;-0,502311793917853;-0,311593144238683;0,0334826835649555;0,407795412695405;0,674133589709074;0,737668506618345;0,576793562122509;0,253764950267595;-0,104412341054144;-0,362358199158169;-0,438390489753573;-0,332159529823481;-0,115989993368564;0,0947161654406502;0,189101373379542;0,116683132306665;-0,0809237888233608;-0,29133855448049;-0,395407196708976;-0,330179263075678;-0,116801200376426;0,152971326926228;0,362302275606905;0,427005479972779;0,335843417514083;0,148385045970053;-0,0465871800354984;-0,178915256393142;-0,220573329874747;-0,183005503547559;-0,102179243376723;-0,020259875408024;0,0316177523359361;0,0438639187520954;0,0279621644100062;0,00514943152332692;-0,00852338792258648;-0,00810248268570315;0,00721920757074219;0,0406764465977349;0,0916003128011458;0,14427976457562;0,1708784632246;0,151669073484313;0,0929026090219096;0,0215219872045351;-0,0388278058995885;-0,0845380326090586;-0,125115839349563;-0,163595979344606;-0,187954542743555;-0,182651289707134;-0,146071195684937;-0,0945822377775221;-0,0502572747937811;-0,0261900089602232;-0,0220994711289286;-0,0283482136356556;-0,030044469290845;-0,0102829209193325;0,0421349649897151;0,121040827811351;0,19893229476192;0,240157855168592;0,223454256670396;0,156069393199013;0,0695811613794654;0,000446764143263209;-0,0323198582818156;-0,0365544831475231;-0,0367000647035182;-0,0532310714724892;-0,0875332006627379;-0,121052976763289;-0,12664985042929;-0,0846571144835705;0,00303515251105355;0,10729910996385;0,180976781522813;0,181991145187555;0,097439648020763;-0,046854662242058;-0,196239462325106;-0,289874053979755;-0,286412240481628;-0,18367461538118;-0,022857141687637;0,128534573068781;0,209745907943408;0,19841493403002;0,120992131245494
0,00118735103147359;0,00966295919292739;0,0367762519407877;0,0871444803043577;0,14207691835829;0,159145870873109;0,0962770782063708;-0,0531692471800836;-0,241959928888494;-0,388545190913806;-0,424627902215993;-0,333083979829361;-0,150045466520172;0,0594051596994322;0,229644309835833;0,316475288627823;0,309367320092479;0,231718001142946;0,129091702600021;0,0481479167462698;0,0143025994777301;0,021910498574408;0,0454611060835166;0,0613203160448735;0,0601544755451498;0,0443658293553273;0,0205436689898489;-0,0047457075548713;-0,0272844798655898;-0,0478114460364668;-0,0712036028907784;-0,101722102821753;-0,139630996464974;-0,179607964426078;-0,207698707860881;-0,201663005243236;-0,143439388964654;-0,0376425824427045;0,0838477891827679;0,178502501858897;0,214388389151259;0,178408757001489;0,0758620369294793;-0,0654570276694868;-0,192543184538841;-0,243792466400001;-0,183737320828087;-0,029734293836188;0,154399174102155;0,294601923163043;0,343468374536816;0,292920675857862;0,164906321991677;-0,00114683304248314;-0,154711731007964;-0,242194747492947;-0,228000010818462;-0,121728061385141;0,0168795426908069;0,110962222397677;0,114029939903718;0,0345127426975838;-0,0749810355526414;-0,149204369647946;-0,144005732798855;-0,0584017914490719;0,0659441003907437;0,168438711237111;0,203120770170597;0,162349807482827;0,0749406318045188;-0,0184703505972569;-0,0897880794728171;-0,128285683073971;-0,130888666701057;-0,0976683020292078;-0,0409289896082765;0,00800596371667117;0,0154463416874204;-0,0227243004453279;-0,0700789274317461;-0,0787613499928534;-0,0332891985123453;0,0350986071168857;0,0780001143419111;0,0708589807906247;0,0255499085300089;-0,0290338794022354;-0,07331359097626;-0,106260246553483;-0,131928803539027;-0,141912561572468;-0,116621659102673;-0,0422077899776244;0,0769780192872068;0,217874317914619;0,345995300321179;0,426434826875214;0,433547558266544;0,356723423115903;0,204479381016976;0,00707932199208877;-0,187128566344255;-0,32645237137301;-0,37733467898215;-0,338591220313816;-0,23842456382759;-0,11888464267977;-0,0202391728728378;0,0302350302038571;0,0266928799338917;-0,0145988704174354;-0,0660912753241602;-0,103515862066942;-0,115424294642579;-0,10533021807452;-0,0862065170492904;-0,0700367115086744;-0,058933675747752;-0,0409267914755274;0,00773030210480158;0,107036423880878;0,248481239353168;0,38484064142564;0,452685623361164;0,41409112497718;0,282671068856604;0,113767193394982;-0,0314674539671084;-0,123043896447999;-0,173085356470062;-0,210125367275166;-0,243055696713707;-0,254774608497818;-0,227964773212596;-0,166608183589039;-0,09147940995527;-0,0246004773789985;0,0192378408516397;0,0355844244612477;0,0339993113559056;0,0358435801107785;0,0584976761498681;0,0956665000710579;0,114764634905114;0,0810674873220869;-0,00849880935385085;-0,115012122724145;-0,183536504536352;-0,181260196575809;-0,113647174078394;-0,0110055562944969;0,0928673012830925;0,17038004523754;0,2009503518776;0,174900694378812;0,102181194636026;0,0152946793292866;-0,0436531453842716;-0,0475539949597471;-0,00186225270568914;0,0605152943463754;0,102083573742068;0,100664083718995;0,0532351112505548;-0,0281200245812025;-0,116065482296993;-0,169398807131329;-0,149453641693064;-0,0502128548230865;0,0805441873346372;0,157256133736545;0,110537344725811;-0,0590487731504296;-0,272165164375833;-0,415941849014034;-0,408304812459351;-0,237739670790657;0,0365874534332918;0,311912731480993;0,481123631667195;0,478299928455817;0,316462670561961;0,0862302309053082;-0,097418322560088;-0,164628092507209;-0,123048946746588;-0,0352600996080405;0,030241326113129;0,0351681410287792;-0,020251023340489;-0,106752844947057;-0,180391878934437;-0,198500563392923;-0,138458829597546;-0,0149485618127102;0,119950199980534;0,205794288932485;0,21390339966042;0,162250200886185;0,0925522525483126;0,0335368984548056;-0,016331516787909;-0,0753201119051385;-0,150739667491162;-0,223839097315972;-0,259685082780076;-0,230541308606992;-0,13447638055187;-0,000397760347295148;0,123454460484463;0,194782762128577;0,200586721541478;0,159306461188118;0,101665728254033;0,050912028148542;0,0178107052528621;0,00613104151528648;0,0170920360004546;0,0472185437072616;0,0817710762005304;0,0929580161231687;0,0544146979024895;-0,0335394938345546;-0,135592950218952;-0,20517992271617;-0,218111116486218;-0,183774215240789;-0,128388668771204;-0,0708185689156608;-0,0116158969792437;0,0579158712445982;0,135498018730822;0,198092119627861;0,215252251212385;0,17056726793875;0,0704074461069208;-0,0579837489712088;-0,169913745497267;-0,214197402981009;-0,158261525056828;-0,0158539940004384;0,148940715681947;0,256561403227746;0,261185882438458;0,171641216751564;0,0345623857918066;-0,0956950250149268;-0,180106837313395;-0,206203291731932;-0,185622235540856;-0,140900604851268;-0,0923367386306697;-0,0508414944999046;-0,0165401392973359;0,0146989165630993;0,0394781440264987;0,0437671814090264;0,0181087227875259;-0,0235097656015285;-0,0475633451171799;-0,0285098408566676;0,0295543617985403;0,0993721575923376;0,154238849436089;0,181149473444129;0,173081013972625;0,119403954552182;0,0173209107756764;-0,104519615533607;-0,185757162448107;-0,171368209176996;-0,0549117042536399;0,113334877958631;0,258748670269803;0,323073554558796;0,282470447331814;0,142393329480762;-0,0693556645783418;-0,300683592511765;-0,479029785946462;-0,536360685604182;-0,446189814596454;-0,244176179025953;-0,00966648657949495;0,181915134877193;0,294632509002206;0,324696799296051;0,270802438001141;0,132091697534508;-0,0599565151951983;-0,226171012902487;-0,27557769354256;-0,167262990381498;0,054263808017087;0,279534737429566;0,396026976185716;0,348810148744339;0,163571709692069;-0,0722645756915745;-0,24887389596157;-0,277422665620573;-0,135019430574904;0,107356120647176;0,312371409205961;0,359776153449117;0,222130319075569;-0,0288341232507953;-0,27956045954238;-0,439254387538903;-0,467281292136936;-0,36657929634215;-0,172153550234033;0,0533718289981008;0,233591957618045;0,311511841576468;0,276897513121558;0,160992862335681;0,0103032745447393;-0,131897625507438;-0,228635242983721;-0,250131456410292;-0,183453640682026;-0,0454715852080573;0,116896783618375;0,246890811624859;0,304311333231502;0,277612674339881;0,180064929010987;0,0415919516405537;-0,0968448587224456;-0,189268031891194;-0,199799782765344;-0,124696343919954;-0,00133559408077402;0,108604157518049;0,150893646317386;0,106865197751766;0,00293321985681224;-0,107043698985547;-0,175417115544692;-0,182798840962915;-0,13422618230938;-0,0452530048578945;0,0602919626727656;0,148399399350009;0,189059270880886;0,176478697360859;0,128597722644747;0,0646550612510044;-0,0138605082547895;-0,116122855441203;-0,234149271247199;-0,327016299044668;-0,341358513096021;-0,250657062061061;-0,074079342113928;0,135731122096592;0,312786923855661;0,392054554550416;0,330757485665752;0,141107248828828;-0,0942638708354605;-0,253486969598971;-0,242815559334028;-0,0560584497172023;0,216531630567282;0,436877205806178;0,490774400617444;0,342129919050898;0,0505355241802988;-0,254586986089152;-0,438962680353369;-0,436628283427968;-0,284401030794012;-0,0926637778792859;0,0275278679131918;0,0301741213768072;-0,0500710234221957;-0,137606042855983;-0,17670050006604;-0,163427323583439;-0,126411329443283;-0,0857677254860731;-0,0346031482005235;0,0466216120755725;0,164851143372603;0,29982747458545;0,40607735981115;0,429510052437454;0,333997754075481;0,129018531432948;-0,11723605366994;-0,29906182941624;-0,330070021635204;-0,199075198867409;0,0215197082739557;0,221496989335572;0,313716626614468;0,269083828417135;0,116383023882145;-0,079842765961412;-0,249492483571471;-0,342865245703363;-0,342156783950414;-0,260976565803996;-0,137630944916072;-0,0172704788093829;0,0721456023719452;0,127104330642368;0,151660030105762;0,139179352278032;0,0774630555351653;-0,0262714744136695;-0,130683218501142;-0,178758752653922;-0,136542497146861;-0,0167973702100682;0,130239620421953;0,245868408389687;0,290156673899926;0,254347586830673;0,156577326888809;0,0289620954682848;-0,0946184338449947;-0,185740793737027;-0,224569019764511;-0,202455450963688;-0,123525832080717;-0,00258734743057394;0,135498438527135;0,250743588313924;0,291371526867536;0,219621404761676;0,0429709405497659;-0,180752562706187;-0,370900843719833;-0,461266111885716;-0,422695504212307;-0,266920317025522;-0,0409009921886558;0,182945344013007;0,325515555656351;0,33460822992718;0,218503757742265;0,0477283513426383;-0,0843947772676022;-0,114702494375601;-0,0401833978317202;0,0914692529133056;0,217716447560701;0,292497355965153;0,293267380513633;0,212636682603811;0,0557849632517309;-0,150330087416454;-0,351398146148625;-0,480393247561007;-0,486954059694679;-0,36046199112108;-0,13447426649517;0,124520049438526;0,33647561247379;0,432673381224632;0,382416742233907;0,208262737795769;-0,0212114702016164;-0,218782195752629;-0,314461129312822;-0,282727870244395;-0,14726920476803;0,0349568795157562;0,196404351906751;0,279426733525511;0,255777638329173;0,141769576766122;-0,00529331523933337;-0,118132653466531;-0,160500958014648;-0,14248730452754;-0,0983443582511225;-0,0554419875167559;-0,0231923616060704;0,000724462483300468;0,0231792900634892;0,0511084783739848;0,0833076210173629;0,10056554522003;0,0700814478066655;-0,026681345307393;-0,163726351942616;-0,27265543713735;-0,284221788175029;-0,177041704235285;0,00822536089200528;0,198551578418861;0,330360180407239;0,369953098952638;0,310970112995087;0,169343431071842;-0,0132459460506376;-0,171536510724374;-0,241170767170272;-0,193881586552577;-0,0542680858046619;0,113386396846386;0,236151018136141;0,264165444834744;0,187696375692373;0,0318747877709118;-0,158538841724361;-0,328361805692217;-0,423070907148668;-0,414450002117227;-0,320261617106874;-0,186456616694347;-0,0458167089001824;0,0990402992257426;0,251041735964069;0,384199720823532;0,440983507931356;0,371656500623468;0,182585101821338;-0,0540557698232123;-0,241163331619917;-0,311240352836701;-0,253565926328802;-0,107316419960876;0,0608890750723547;0,179078443879885;0,193769587529876;0,0989537812479995;-0,0501487192944316;-0,163315797925607;-0,171463487358134;-0,0706558158797247;0,0788179156501297;0,193133862086727;0,212666463275066;0,127896585200078;-0,0209873565353198;-0,161636236059794;-0,221015244443041;-0,164277174928688;-0,0179781584876038;0,143299073077353;0,240410353843884;0,232376845614194;0,131608204873823;-0,0105981456923094;-0,133623837622948;-0,19565235627928;-0,187022571573093;-0,125265465003758;-0,043108109055679;0,0195541291397498;0,0257058793256266;-0,0381579508214098;-0,143218916307085;-0,225003876034471;-0,219111852629311;-0,102025588569276;0,0907854313983234;0,280597033544274;0,384393277129704;0,353201529751929;0,195248363054045;-0,0189935502710477;-0,179826902705926;-0,194304042867575;-0,0478686426170868;0,175108066104885;0,335648667677447;0,324629665391089;0,129168537946479;-0,165114904400054;-0,429504930513591;-0,557888888629758;-0,506762482716221;-0,305121842838426;-0,0384342306699809;0,191032128861477;0,313340937666253;0,319667962796737;0,250027024642031;0,155152322745118;0,069023444459416;0,00635296867210789;-0,0304535031252923;-0,047162770590782;-0,0539609619147314;-0,0596920737824183;-0,0649231153458909;-0,0579468188036306;-0,0235445702516305;0,0356921461418876;0,0885704574100148;0,0949393351515305;0,0403269989283581;-0,048617644591805;-0,121179484146812;-0,136075289729275;-0,0853710866629482;0,00496377348622765;0,090692997133729;0,127768633695936;0,0913688221836961;-0,00551576730011009;-0,110015289404559;-0,157928845295256;-0,117753256991002;-0,0144585501800594;0,0891563620800848;0,139852518997344;0,129836796584596;0,090737957393855;0,0562861173095935;0,0341278008824405;0,010782169463701;-0,0247192272284093;-0,0662218420537828;-0,0966190213654777;-0,104025416038111;-0,0900519508426148;-0,0655572275589502;-0,0413378975259453;-0,0213319021258696;-0,0010011118514476;0,0288706542718294;0,0711819057165571;0,110243626447962;0,113879351692743;0,055090507760332;-0,0601694572178874;-0,180856792597561;-0,230653791193996;-0,155516067946188;0,0303928659146322;0,239502314822166;0,361861569481118;0,337552129514536;0,189923055146558;-0,00273534548781836;-0,161161132741691;-0,241560775077453;-0,243986525806674;-0,199829542778338;-0,146631264317228;-0,102767260144646;-0,057200844777182;0,0168026594925138;0,129248303580533;0,247175878024867;0,306369499629081;0,259375846933893;0,113638422904782;-0,074929657548823;-0,236564320416757;-0,318247580656757;-0,298991607085387;-0,191050175741346;-0,0310145440042294;0,131680128194522;0,247809853507451;0,286426977197553;0,247835241583851;0,15632207741769;0,0385683054049097;-0,0872283592141252;-0,2005870933981;-0,268246975523415;-0,257529895999593;-0,163283193180846;-0,0185020284019307;0,123367581867522;0,216603705202043;0,238821460975529;0,190880891259403;0,0907363126888841;-0,0321593436722449;-0,141204506679319;-0,200202435342308;-0,188505759252448;-0,116677683080861;-0,0246294323346272;0,0438415229783718;0,069155322113557;0,0614153132389595;0,0432977745011643;0,0294519212161912;0,0170348264870607;-0,00805854719255991;-0,0548065230040749;-0,116149544608483;-0,170729720855014;-0,187996817636038;-0,134792909500267;0,0052511847075727;0,204355846704335;0,386653583360146;0,468022243634351;0,411640772902401;0,247759956969052;0,0453345572628685;-0,127328822116649;-0,223867203243846;-0,230777405271717;-0,172698133771756;-0,0994885368965108;-0,058269485747777;-0,069534153501873;-0,1172431465377;-0,156131609412062;-0,140385263987593;-0,0610207305373208;0,0419324044327105;0,108098166659951;0,0998572414933035;0,0237142938952644;-0,07909446038504;-0,156117567502531;-0,165733819924516;-0,0950749368926243;0,0292980146641817;0,147796700445808;0,197069698886934;0,150024527740938;0,0370030598257402;-0,0720743209854558;-0,111965688532881;-0,0600473294145619;0,0554875744463168;0,177760720163964;0,254478300398367;0,258937197979349;0,194438578820456;0,0914138007870217;-0,00464499876571064;-0,0578509355366435;-0,0653941683311345;-0,0595626014060326;-0,0803942479719763;-0,137119479702788;-0,195957526946692;-0,211770540900364;-0,172641180566005;-0,109084862227437;-0,0594593025839382;-0,0316598694849057;-0,00303046641531612;0,0443156635368271;0,0962676821361246;0,11862295861732;0,0918072857940588;0,0306596141674426;-0,0265433911758127;-0,0456527732441891;-0,0178708571866857;0,0390639335723643;0,095554277181323;0,124121646057003;0,107406199407516;0,0463448472800714;-0,038035991888202;-0,116515484645371;-0,163318676409867;-0,156296486596481;-0,0790292411438838;0,0615485777119538;0,216661294781399;0,306684167269555;0,26633252118671;0,089558555790358;-0,161304017800448;-0,384266553621185;-0,48378903596578;-0,411798063247988;-0,187578967559997;0,107896397947832;0,361317634953411;0,474508874873022;0,410189011193934;0,20902663084607;-0,0315202847173623;-0,204040233602372;-0,242844501887113;-0,15490908150097;-0,00736233002099933;0,119933918559728;0,176805084758553;0,154352291420417;0,0755406126054451;-0,0188400216439271;-0,0870945366094469;-0,105534371134298;-0,0813626780013927;-0,0500803207972875;-0,0507697018573448;-0,091754488905072;-0,138688553954523;-0,141956197064402;-0,0844058734689638;-0,00540933612993168;0,0296400231599318;-0,0117115463345761;-0,100703862748862;-0,170385092627212;-0,160093305625982;-0,0479300887071726;0,138865983184641;0,333024276117067;0,453267325350617;0,440751120442888;0,289955290355386;0,057510199848508;-0,157101691460664;-0,256491042035944;-0,200109453224541;-0,0322542046873018;0,14312908919035;0,222997883762102;0,159179911147037;-0,021908364648983;-0,237002573105315;-0,38830169010753;-0,411170785702197;-0,307024229419453;-0,142172119685377;-0,00628797155047751;0,0457770323750995;0,0273343679586215;0,00425965469627828;0,0409387843488319;0,148566079605493;0,278699562332615;0,363007157945031;0,356837892208835;0,254266249436072;0,0836658168835008;-0,0983992779186135;-0,22260394762645;-0,242875403473581;-0,171512665653059;-0,0737491133531785;-0,0176887220506803;-0,0252483425894819;-0,0676546571940389;-0,102265529092421;-0,110623523422329;-0,101353222228513;-0,082863954186069;-0,0453766146320625;0,0273538201161288;0,137160210466568;0,262636583341229;0,361640561417871;0,383559051548137;0,291263671650279;0,0826544134960505;-0,197211922378275;-0,458033195609577;-0,589762763549017;-0,51406844154382;-0,237206168790242;0,137977967461252;0,458694215451104;0,59488417592067;0,490682921387661;0,180043792709428;-0,223366280508113;-0,55925291592033;-0,680353855884088;-0,523066364483022;-0,148135266324392;0,284123957813113;0,596425588765184;0,68290790479077;0,546080371001467;0,26776811490064;-0,0459206071464507;-0,300712594570216;-0,430105624434927;-0,410349991326281;-0,271567846764108;-0,0872554957308026;0,059754287719688;0,116238217159567;0,0807327048107838;-0,00309376493997972;-0,0766165934526386;-0,0979799284448007;-0,0562094868597571;0,0324624653063687;0,135534194376673;0,216781414077704;0,250454794626294;0,231788001185317;0,173741237789017;0,0916852166492231;-0,00735040759262964;-0,119614034655668;-0,230752228693008;-0,309485125007559;-0,320478018368082;-0,249452489720433;-0,11699912553853;0,0307505460254589;0,143415317967571;0,185454934732464;0,147244206261996;0,0472685660925743;-0,072989898968807;-0,160200832787142;-0,167572976521572;-0,0780355041105088;0,0826141212248995;0,257308333250952;0,385736296487986;0,425450455244699;0,357286460076209;0,186636145785577;-0,0510612686073147;-0,290269660329775;-0,453762062111304;-0,48520586384087;-0,375923059506885;-0,169706925182526;0,0558486919303746;0,221690315799204;0,275742659409868;0,205227309747695;0,0387422282942496;-0,154683376182131;-0,281347420324578;-0,266520083882554;-0,105015985342429;0,128047961853425;0,322796178009758;0,398410070265904;0,336999807297877;0,178589669126171;-0,00112782488639532;-0,120318876546425;-0,131519202218208;-0,0557098046349265;0,0260517987257834;0,0304868195032778;-0,06545961881655;-0,211068958879286;-0,321929951957593;-0,333900375719177;-0,234255951889599;-0,0614280660407674;0,11728793532598;0,237126284898269;0,261397678293914;0,191377251132945;0,064645485100417;-0,0559480990608132;-0,109862990142707;-0,0743116808793188;0,0195323154819512;0,103889170081315;0,116643080131223;0,0452618019234342;-0,0602966097513108;-0,122269895194635;-0,0915505296951804;0,0198334146515832;0,149867618693278;0,225560009426399;0,204678492022725;0,0999674723838127;-0,0293481680767908;-0,115243326200775;-0,121451128347273;-0,061659945946345;0,0115297793503646;0,0399879972924101;-0,00115386245722789;-0,0868576105749892;-0,164038746434139;-0,190437418543165;-0,15535382070475;-0,0767104578113223;0,0106675610589394;0,0710083103143426;0,0874701886503491;0,0715844155948497;0,0480288970090753;0,0267486563057371;-0,00643904386831047;-0,0669045848052078;-0,140375550966219;-0,180288322988102;-0,138687580749574;-0,00436041338856359;0,180741228691302;0,338681632559428;0,396390418801695;0,325682986312525;0,158714235402008;-0,0293441473206513;-0,159001324124657;-0,185876753841229;-0,122343988326162;-0,028857654676378;0,0251316013319315;0,00799540306250083;-0,055193869735271;-0,106259786317567;-0,0981103970939608;-0,0260252991463562;0,0697582201533294;0,12659761866108;0,0956225468169276;-0,0288645749263046;-0,207850570032215;-0,378800480606477;-0,475678243736736;-0,443239948844017;-0,258768600461496;0,0426610002164904;0,364778814246695;0,584822513036134;0,613636543560884;0,447327801504792;0,175468130247032;-0,0662373048624684;-0,172535727589339;-0,123903467044858;0,013193225594703;0,132396089512483;0,149369789860632;0,0493465564898831;-0,108493417037059;-0,235169692885328;-0,268823003146418;-0,203279338004845;-0,0797379796350451;0,0425434390058215;0,115846582320016;0,119022900312063;0,0598154245440045;-0,0281465308700401;-0,098652882745504;-0,118109672570842;-0,0869895475496542;-0,0389378168629674;-0,0141454713988904;-0,0281846769632353;-0,0635429916545148;-0,0866128257150002;-0,0718912183880988;-0,0157159379803111;0,0667805735858278;0,15245149095836;0,21491239341111;0,226835806391675;0,17458216212234;0,0785094733335511;-0,00862380343918957;-0,0354980696590613;0,00488511022294637;0,0603948624327701;0,0535141425030461;-0,0556557139954822;-0,228649666028133;-0,368991029159857;-0,388708927989525;-0,265937077758679;-0,0524784724985885;0,164485317699724;0,311613438352801;0,357386975366991;0,311726559752997;0,210276557147517;0,0941001022309267;-0,0107030327932904;-0,0988752719241044;-0,167137283731724;-0,195846781682196;-0,164108426761664;-0,082614845187632;0,00395656854967856;0,05498269060892;0,0688361316159285;0,0746614197265537;0,0906517391498589;0,0961990846601844;0,0509985766366201;-0,0577188256600007;-0,188246067833611;-0,264743035532441;-0,229087087258526;-0,083075138014305;0,110087344119552;0,262433881656579;0,307339983345339;0,228545373800091;0,0644760697783199;-0,111284800172112;-0,228441217873716;-0,256409092586871;-0,211521175895405;-0,131679811374065;-0,0461474836803259;0,032611325407363;0,0970171545147895;0,133587976088818;0,130433205180524;0,0980712025598643;0,0760885566666631;0,106088316238816;0,188849678730562;0,27043690541625;0,278482390162294;0,175614139069728;-0,0161737833898524;-0,229505113106059;-0,386122054697937;-0,4333677184452;-0,366258524840136;-0,225700971259968;-0,078114334867826;0,0159802447203768;0,0377980854580484;0,0259872002620217;0,0446952563534463;0,121448777305895;0,216680377399558;0,260963465551917;0,22039797829451;0,122868593682493;0,0282665148287134;-0,0207161679347473;-0,0252622898014958;-0,018444733898869;-0,0303766161150457;-0,0631832945330547;-0,0942348449033087;-0,097769536598351;-0,0657300391261289;-0,0176416734248272;0,00542962209707732;-0,0347359272931375;-0,140475501929658;-0,261312761148554;-0,314665464168523;-0,236270220567112;-0,024612023407974;0,250279534564702;0,476996807830419;0,557885860334181;0,462255732512389;0,24324239023073;0,00501558228996726;-0,156300441789618;-0,19927786521834;-0,14641569602812;-0,0589294720776181;0,00156584793147982;0,00449097112696119;-0,0396688363034992;-0,0966987228851676;-0,139351306233879;-0,16457529625893;-0,184069033763376;-0,202098124138323;-0,204501595372163;-0,167360890800169;-0,0768222496194815;0,0525653060271418;0,175271542513309;0,237263284532039;0,209983557536443;0,109610287009876;-0,00782841908575173;-0,0716813421072536;-0,0362730193996743;0,0862906964319888;0,228971637296711;0,31096719897046;0,287250659497267;0,171928007350071;0,0214360006115385;-0,106700124438058;-0,185123755869574;-0,219200160726173;-0,231526800650594;-0,242055346823909;-0,250151439062724;-0,230414474707155;-0,152190416218801;-0,0120318006122129;0,149683887963926;0,266888867804217;0,287686600136316;0,205276910966164;0,0616221043965054;-0,0750924135771563;-0,1471961846661;-0,135562796028145;-0,0585978597598608;0,0474752415073898;0,141527283302272;0,183645610961778;0,150152465872861;0,0535845117137592;-0,0559505078035779;-0,122855874920678;-0,130988123175104;-0,115033946728651;-0,120865698207487;-0,155105684148712;-0,175270253821393;-0,128732884097899;-0,0033639981917214;0,157133037433937;0,284051904992067;0,32740084827544;0,278909175975435;0,168862084705776;0,0465166239795634;-0,0448398683265386;-0,0873983562042184;-0,0950198543593444;-0,103179562616756;-0,142286827129908;-0,206624875147141;-0,250692836568868;-0,227172157356156;-0,131381258852579;-0,00670834576476044;0,0922684583105331;0,141960019887933;0,15766609650865;0,162772307642482;0,15672125334734;0,119907806093153;0,0493336738831723;-0,0196760232907059;-0,0392013979530386;0,000623137861678807;0,0546775724897881;0,0610068149237813;-0,00456802114284007;-0,107240266683251;-0,182645872276465;-0,189442317754545;-0,136232266098919;-0,0633940469524068;-0,00791809455937302;0,0138905007235155;0,00460217506889648;-0,0173824703765873;-0,0204762244176672;0,0247238821774512;0,120182424564851;0,231073622517672;0,304540724439833;0,297055581058674;0,192843419646705;0,0147529055205474;-0,174991572682676;-0,295660789999047;-0,288174336900063;-0,150370608013488;0,0572325424466739;0,238329642594073;0,304511118979354;0,216757987929284;0,00733547006710318;-0,233444196817573;-0,402576377361117;-0,432999259325249;-0,318374833007584;-0,11153025243049;0,0958972598695587;0,212133082650928;0,192795527423666;0,0675453492891205;-0,0764172511665119;-0,146546424053531;-0,100632888899205;0,0342447065249164;0,189994256112862;0,29909250918893;0,318537654749227;0,239557295514563;0,0923553173000909;-0,0616156460028424;-0,158105045864613;-0,167899524395834;-0,114696336762512;-0,0516153319578162;-0,0138939697191509;0,00614172596064717;0,0380949386363489;0,090607813925917;0,132278908998618;0,117568843019066;0,0311423605953629;-0,0949316467374173;-0,204296396176607;-0,252213682436848;-0,22582594325936;-0,144389571930633;-0,0468517073174468;0,026790299108113;0,0545423264517758;0,0429426864983281;0,0205410742343191;0,0184513463731011;0,0511787893613523;0,107261693526825;0,155834092852271;0,167894247918727;0,136133126219349;0,0750541771311399;0,00571031706387715;-0,0524396101909187;-0,0785217170891795;-0,0560484801490389;0,0065983155722475;0,0654299980319566;0,0648413681186629;-0,0158343769456011;-0,138216042049989;-0,22972137209859;-0,23479236209412;-0,15059143976476;-0,0243698480324523;0,0824516961706062;0,134585910140953;0,135799876846193;0,113035133094208;0,094792614684009;0,0966536780807449;0,113504197159696;0,121715901573958;0,0951689903904713;0,0256858313032596;-0,069717007068701;-0,159823925830627;-0,217154162151233;-0,228073219695317;-0,190525193151457;-0,111506717773426;-0,012960799821403;0,0683923911637567;0,100408676740953;0,078901818854417;0,0312814439732752;-0,00193560455175805;0,00787062531341771;0,0611923823409751;0,131545644179508;0,183478988930025;0,192975800399702;0,151440613365126;0,0571747785455594;-0,0812671641630001;-0,229961751340347;-0,333597492461904;-0,34814353064634;-0,270746403294122;-0,135505919271613;0,0173570217153315;0,163454801270808;0,286466334312065;0,358785450766088;0,345151649874478;0,234368622242998;0,0650492026937272;-0,0878974949883688;-0,159651194123368;-0,133720535603734;-0,0422098562494605;0,0599155916980607;0,118695696759038;0,0959753833341709;-0,0160533128720718;-0,182116538227307;-0,329419127810596;-0,380519180479258;-0,298508524791103;-0,114463718602569;0,0849900459423295;0,206145375850003;0,201564233316374;0,091450253977516;-0,0559975189279068;-0,162474225812267;-0,173294410550821;-0,0792139229157924;0,0787680872336131;0,227699364695379;0,302395679416873;0,286652780388736;0,222884873482238;0,174848971384279;0,172200236355234;0,188824356963496;0,173460377236112;0,0969008103610984;-0,0310266066899333;-0,180832834775775;-0,324821545235944;-0,43634281231303;-0,482726727257316;-0,435983151769419;-0,295128278655424;-0,0959461718807764;0,101361425392798;0,23732275404552;0,275874791137843;0,214729229818521;0,0855551673291092;-0,0545698169295734;-0,144925293028625;-0,147730457453284;-0,0626557194884218;0,0758879796114459;0,214747429524383;0,302973005206138;0,308348954392566;0,22966474026126;0,103544554380453;-0,0104601704348684;-0,0689414289698746;-0,074519331252764;-0,0678388134097681;-0,0923922396291958;-0,161298192416313;-0,245917521438599;-0,288377794449218;-0,229380114744533;-0,0485718201891;0,192339032355766;0,351608687929338;0,297892640844036;0,0299109618761372;-0,303660660093759;-0,50955651925931;-0,469340433255385;-0,186241390256673;0,230000723377466;0,608101728421936;0,780184303275141;0,657304345031902;0,283976669343676;-0,171791752186527;-0,502503277527401;-0,568801734143341;-0,360882074801204;0,0113154139480384;0,371156032925286;0,542569157600221;0,424290227945211;0,0506824005723674;-0,407899342989661;-0,730652494796174;-0,771275879703765;-0,533113290852791;-0,149775797395249;0,200137237056388;0,386314764884571;0,378294287220273;0,235543082742239;0,0576060290328153;-0,0672692316854185;-0,0937937923947258;-0,0305916249732073;0,0693871879980038;0,14182139723118;0,153297629289663;0,120902969646146;0,0915157516439538;0,0999227656988169;0,143689734601353;0,192569264315613;0,215617656528686;0,195855074161428;0,122235608715571;-0,0178859407901506;-0,221753889437764;-0,443806574634344;-0,596504105063009;-0,595171911296772;-0,415766864798976;-0,116378151917442;0,1930708195947;0,404197070678488;0,452165900188175;0,336014559124234;0,118871382278996;-0,0969394722672499;-0,218554947490024;-0,21040090835595;-0,108717133081718;0,00904337045683468;0,0781881303968371;0,0829652476048891;0,0526611623507004;0,0324942261753055;0,0536681895110989;0,113690881266303;0,175293711698643;0,190013129068462;0,133158163161157;0,0229842085967188;-0,090356794555595;-0,156339121051648;-0,156613182917021;-0,120582168123858;-0,107207420158888;-0,155541921980652;-0,242273782418868;-0,289709363023641;-0,222392617174231;-0,0231265109516869;0,252974678382728;0,503120346685642;0,619172501099315;0,536592368125702;0,274360268580311;-0,0623060759115265;-0,330216090797183;-0,42449230441977;-0,334749846772251;-0,141500821126337;0,0439756829174308;0,145820883704681;0,143643286309182;0,0486795226709455
