1,07410270304778;1,08576511307282;1,08674579303196;1,08839635941888;1,09072698955323;1,09371789243699;1,09740502760263;1,101536215995;1,10745987106957;1,11485287799854;1,12230729733406;1,13234878480389;1,12844445843893;1,15860884364209;1,17060926031396;1,18194811095808;1,20384551726106;1,23666368015061;1,26872667481694;1,19952062582028;1,18979618961777;1,25093979655687;1,29023650229485;1,18940489940377;1,46370677527268;1,2680702929846;1,61444044751966;1,89723468108665;1,35711792370992;1,39932426780608;2,54837540360704;2,2905693984404;2,6664589636214;2,0968789258447;1,09188926829527;3,65909539197923;0,475141645312223;3,10194824987433;3,63544969510666;8,74922893624826;2,87767299259914;6,37557142776028;6,1954843694861;12,2663763496672;2,97518706836174;18,9795767575005;18,0686680725455;11,9813743099298;14,9222884753598;4,83512699683273;13,0523371455805;21,8554626925643;20,7169708861905;12,1843784005914;20,2900625523395;4,79634114600925;23,1937738099783;11,0235359876037;10,092592530069;7,3485160946374;10,7986773534256;7,871990747695;21,3403294553891;9,21418775700126;11,2332822209376;10,688098125913;13,3954396612478;1,53824925161416;17,2446259542592;21,7441995781561;10,840790069919;8,55411001811816;51,8694884441306;18,3930184385608;31,1108011166899;39,0627478473984;18,057985714244;12,71464374454;26,5296625557113;12,1838483035151;12,5057968285018;21,2392547372266;13,0699814259732;14,8613608346779;17,0574428761717;4,55255849837281;12,3053777306447;2,88542582655119;8,74308741740429;11,0401987469812;16,6599740611935;3,15258958777888;13,591435884698;22,8876563507526;28,2263475638081;15,536318760738;17,1003511782616;28,7398696156088;14,1079628701193;4,39893406997957;31,1677636502829;9,39548236895804;17,8421492843596;13,7496564279316;12,4379821943289;13,5348916985059;11,08200454338;3,963019179401;12,940935361724;6,99905532753063;3,42796241930908;12,9736248082647;12,6279272351628;5,84948312489213;20,1696711003466;16,8851086504067;41,7254589137605;19,3346620150491;22,9354386438273;8,19191230562368;4,8921718497417;23,3106826169191;24,9383657415955;12,8428515260928;10,7779615176616;23,7634612215473;12,5431252214064;6,80537579888953;20,7579537375528;4,84774438291907;4,35161166914122;11,9814570645854;52,1804909937207;6,40053844678083;28,2809224202935;31,6230557840389;13,3168174939425;19,5278174462974;15,7121708210124;29,9731110676781;11,3080615519678;25,4108706400476;59,6710353166025;17,9131040315124;34,2798843016707;14,7947756476768;10,1126853567794;15,2588121531085;6,82133486117048;37,1496768307147;55,2477412727633;29,2464441563459;39,4130451811484;34,0212340046915;25,353682441748;28,1265199251167;40,3616597850404;10,8709315201203;14,4575777231464;10,658259950793;26,7779012027486;14,7382537671872;24,2946648315402;22,0701399851998;18,2482608816304;29,8393351765944;15,3261221641384;14,3616515977684;3,76260447709664;21,6928333865756;35,3257198785395;49,9927077777276;17,1538480962966;9,92111869838044;12,1978537693386;7,87202020838749;25,3286482777489;27,6209184625902;16,2592664277589;9,33523738377337;5,81370198543801;18,7289778614287;20,7996317649493;31,4507833816147;4,17511876769899;16,1635344928926;32,69431389485;10,6277380877245;18,9855650673611;14,5344380928519;12,5950159802453;19,9724766185165;13,3905687792203;7,91787001657334;3,68920132572119;20,9357638170742;11,6494629768691;18,0636356342793;2,82474989980882;13,6514016146191;1,83181851353464;7,51156742839371;5,45047642270193;9,72860287865516;2,9339434067022;4,1121845523466;3,91706384737994;4,52823810851622;7,89443069879959;6,90329025054396;10,5833067274453;6,09131696563109;8,71952066193478;0,434065419525862;2,67501079479829;5,05455134770292;4,68357554826444;4,12042791205277;7,47435638754258;2,83700742891599;2,26519215371687;2,93671885864957;4,93880362007078;1,1731062791286;1,79686326990979;3,42052598518039;4,07309680293731;5,26947978040994;2,7926187571161;2,14984235132453;1,52072133556829;6,62130244543103;2,05103976405807;1,3520899759279;4,64121786938015;0,809010983546192;2,57998868124854;3,21788166797604;0,400660159777186;1,46738765341016;1,07662228677533;3,5273821035015;1,66039361022781;1,00900975129787;1,99193655382566;1,59798312686078;1,35942749879253;0,51361584873381;1,17332491855918;1,60529530816647;2,2895809715908;1,04158492227632;0,50717286161884;1,16544008608411;1,40282369846453;0,452933431106031;0,981029585782927;0,808327469841861;0,426884782429194;1,71391150140871;2,0243951153873;0,553560332366257;0,734957001657998;0,607631784973744;1,24250228260449;1,52074221590959;0,924530273781015;1,04980521200879;0,755472539879565;0,893652705225998;0,732675349755707;0,408339588576667;1,1213901141677;1,67484227877738;0,316858598954963;1,3691517956395;0,579240834504956;0,197722828165659;1,02432032219106;0,26998900276485;0,988659592389;0,362412189119725;1,53122575741342;0,731230353916148;1,59129911531693;0,0351704526837609;1,06407268862809;0,879036125201101;0,670355781190634;0,728487799462391;1,39761266266296;1,30207447204587;0,786191654751136;1,57153027181308;1,5433636860317;1,40045330630332;1,80763843144357;3,39372185375161;6,58356813014221;48,3330657611443;4,45286004969856;2,64686631334594;1,6158469267726;0,441641168079986;0,978604842887945;0,900991623214758;0,585807609852169;0,386241387546398;0,607434962414018;0,780951274486923;0,620784604257782;0,0332236304027126;0,723862050595955;0,261319536866624;0,170898021953723;0,23016393847848;0,438845926169997;0,459351692814753;0,412232151748723;0,5245344025477;0,0320278271060071;0,316512658889678;0,188400858431445;0,154484549488089;0,193538930649894;0,192304220814313;0,207111203931952;0,215003492885313;0,112707513194009;0,183397375407067;0,119864638478471;0,356955296989148;0,0178528251861683;0,313639051738093;0,110472092957563;0,212117756854495;0,0754013954144117;0,193834345953722;0,181255516262694;0,0852042332122989;0,115415421392226;0,185204696519909;0,188967144829125;0,0749636235351081;0,104680533158479;0,0609374701120888;0,142691061019914;0,072242898250542;0,0601746497902972;0,035397188674375;0,14070217955223;0,0211826567887134;0,182206319014912;0,154882969400822;0,162598552526079;0,174457302992221;0,231483747704877;0,106147473440257;0,0874006139179551;0,0691050024908369;0,0788575540861288;0,131356712543188;0,126377783571369;0,0556826866399245;0,0749571478312487;0,0700971066943128;0,0569843073040156;0,124515925538875;0,12760047257393;0,0992365088488689;0,0524449261515105;0,0225619979821815;0,048004060478515;0,0940283906419313;0,0597560274039896;0,0575273181148044;0,0774164781523685;0,108668965169665;0,0408330226650351;0,0167203682305435;0,106547051358782;0,0476229486304791;0,0915875354215171;0,0809672572205995;0,0465215362382143;0,12039822450566;0,0406871292508129;0,0279967337298011;0,0211467159207715;0,0455229841635964;0,0453212141200606;0,0309156390620706;0,0616929760624953;0,0135141310598144;0,0183896163948087;0,0672743184506328;0,0681730288825026;0,0972824899189685;0,00870939511404369;0,0676184806484729;0,0105559125195317;0,0440701380574639;0,0283624704367793;0,0268038890751883;0,0511397662162118;0,0405804087926658;0,0442326105641704;0,0281794748727939;0,0451728061766055;0,00759692887731235;0,0373180532249416;0,0238686454973862;0,0168146348612416;0,0267961622175159;0,0308190668058229;0,00870076973258362;0,00919273581175552;0,0256663470977649;0,030745741870691;0,0226586863340744;0,0266101096295108;0,0333312841287717;0,0142926821177003;0,021728928635705;0,020130077382279;0,0243088358217653;0,0153913372825717;0,0156744381376456;0,0170446870913171;0,0190170548598332;0,0142339636411772;0,0158710073259728;0,0154786906914878;0,0155817842465015;0,0227471564690621;0,0184822131710332;0,0380256448877419;0,00618546062945682;0,00374841856499305;0,0162945743542789;0,0144292558483124;0,835699943602531;0,0109773476172421;0,0182052881675262;0,0194643897336132;0,00547502395816673;0,0112710733296858;0,0262309996887965;4,22470948185201;0,0101202380542806;0,00722952318326962;0,0092018650653326;0,0190342564489847;0,0129965891658786;0,00826143874482732;0,00565291663188826;3,04233973291863;0,00665203983076923;0,00174508350012734;0,00603174523368412;0,0122336984279815;0,00995435039894144;0,0181854246079171;0,00902237711981555;0,00722026921517633;0,00298242392906854;0,010693838316955;0,00871628249622325;0,00816338092697537;0,00413941632733147;0,00795720953258597;0,010186847074604;0,00506140729958869;2,05234106619489;6,76493996040237;0,010637724602866;0,00839175054153652;0,00809088993509137;0,00974885171850379;0,00878296527273133;0,00356048931628719;0,0121351278308944;0,00271179163605689;0,00604113783772379;0,00152197991261343;0,00547262748395203;0,00530491398459368;0,00672574539547166;0,0031453741294587;0,0104947173276405;0,0101283451602172;0,00478678187833511;0,00712846258525135;0,00630343007039002;0,00125971518022026;0,00935436560073187;0,00496349378395851;0,00655730071698388;0,00314367134427727;0,00466852117495308;0,00955493279739752;0,00351989488830036;0,0076920240886411;0,00672155911041914;0,00935215021080593;0,00658276499952;0,0105797455922681;0,0056314063106701;0,00359200013454047;0,003919753886587;0,00919385029709272;0,00727610532231422;0,00558511564893322;0,00518488121710716;0,00408997317752763;0,00531734615714042;0,00246337010965737;0,00364208375773571;0,00446567337721675;0,00537135570170249;0,00697950012531429;0,00589874542369373;0,00818240966149198;0,00568690569392236;0,00508215448320871;0,00451056737271903;0,00646052868955494;0,00592471451832244;0,00513700159631466;0,13927918543191;0,00442336776660569;0,00591051514561259;0,00626933908525775;0,00496575860189231;0,00414093235443648;0,0062884788228552;0,00586223969478526;0,00584558671029861;0,00576501007526349;0,00553734680299183;0,00565104066482091;0,00639679168055955;0,00549049630633779;0,00751036146393701;0,00472247771705093;0,00679152165797549;0,107802165225062;0,00582687445132063;0,00598310306287351;0,0072302695384161;0,00523387370965181;0,00614220423419066;0,00608745092417746;2,69753966773379;9,25844535864629;1,61119563014295;3,63946578693117;3,17463454159444;3,09989835506205;0,00581696137522543;0,00667889444233986;0,00597365683197946;0,00567608067091413;0,00574745037273261;0,00571449989057491;0,00636369056918919;0,00628094582068367;0,00642444985777292;0,0068799285625901;0,00639508894315536;0,00609703239747148;0,00611329494089417;0,00568270397722092;0,00623149099895649;0,00638136048657777;0,00602314323390051;0,0064389860871784;0,00608141399775445;0,00623408943791911;0,00678020312327;0,00631632181257415;0,00637007553339755;0,00622676197716004;0,0064736408071161;0,00627388410570868;0,00650420609519035;0,0062873063103618;0,00649731014013232;0,00617257959239689;0,00632783982723681;0,00615134158066079;0,0062834903925924;0,00624969507397127;0,00634313453524982;0,00629560616638825;0,00635627016500615;0,00637281844819614;0,00654441966581544;0,00706598689257387;0,00634523130605585;0,00646080212247143;0,00633368076491095;0,00629825965055815;0,00632573340231706;0,00641313126852141;0,00637989435451709;0,0064751632708345;0,00624757351046891;0,00628118250540363;0,00632299687188791;0,00643292812600959;0,00630986968595997;0,00627364045735943;0,00638555056314961;0,00640249521276407;0,00638119913678918;0,00644254023734202;0,00635932415471667;0,0063095577000818;0,00643843148215104;0,00651124214471879;0,00632884492819038;0,00639236171815219;0,00638614549325747;0,00634296268651831;0,00646030284209631;0,00635939490502328;0,00637433207880906;0,00639687871410449;4,78823697529788;0,0063771340391485;1,60635838741969;0,00641172437813832;4,283228617462;0,0063934548009128;0,00636247419419437;0,00638201906540443;0,00635160529173412;0,00642812935898161;0,00634417156579607;0,00641746905929115;0,0063986194747001;0,00641897894438213;0,00639656231838776;0,00640290388073679;0,00640163951321578;0,00639441622537631;0,00638655281099289;0,00641096889674421;0,00640631981306715;0,00639436017891512;0,00638054842965997;0,00639828598724897;0,00639489340486529;0,00639677196473072;0,00640654740926434;0,00640224911608178;0,00639802483941957;0,0064024627325201;0,00640378064589251;0,00639866705092605;0,00639511427545364;0,00640325474995885;0,00641022500393301;0,00639172837430275;0,00639735062106314;0,00639422449408387;0,00640004171656868;0,00639162542014469;0,00638995167857952;0,00639197991967961;0,0063896891756181;0,00638655954525029;0,00639265129847235;0,00639220729126721;0,00638471237603385;0,00638820079997503;0,00638819544377206;0,00638875172734291;0,0063847147532527;0,00638727881352861;0,00638793372819372;0,00638550856785791;0,00638311448069291;0,00638540533110023;0,00638319990147746;0,00638402735280761;0,00638313634499157;0,00638156758679065;0,00638240298091686;0,00638093880255896;0,00637922528787059;0,00637922073916697;0,00637836903329347;0,00637806863345284;0,0063771470323329;2,96308664731651;0,00637613653636027;0,00637454107661573;0,00637466597882784;2,79353560182972;0,00637358693669232;0,00637270636059005;0,00637216891652751;0,00637147516791556;0,00637080884624391;0,00637066345787475;0,00636938604414378;0,00636916474749613;0,00636832332239179;0,00636779978913689;0,00636740428237764;0,006366487520073;0,0063658612325815;0,0063653696620282;0,00636472739770439;0,00636436596504005;0,00636371622976223;4,60548626331202;0,00636243657211146;0,00636196008309715;0,00636139820150084;0,00636082686295887;0,00636034495920219;0,00635979587612186;0,00635926684143647;0,0063587930446406;0,00635828280030125;0,00635776864060175;0,00635730241084552;0,0063568582260253;0,0063563775001723;0,0063559183541723;0,00635548435796106;0,00635505694644626;0,00635464502913726;0,0063542269533257;0,00635382673142178;0,0063534322030357;0,00635305971620185;0,00635269552035552;0,00635234459818953;0,00635199672349818;0,00635166787451347;0,00635135087491188;0,00635104439298599;0,00635075074966215;0,0063504690209668;0,00635019935161859;0,00634994263478677;0,00634969842465924;0,00634946657299781;0,00634924749586346;0,00634904151465946;0,00634884841908641;0,00634866834035515;0,00634850128053187;0,00634834732089255;0,00634820660763545;0,00634807912396556;0,00634796491914944;0,00634786405259048;0,00634777655972661;0,00634770246891672;0,00634764181520704;0,00634759461516807;0,0063475608885151;0,00634754064654196
0,143237386006709;0,143275364168994;0,143386829321482;0,143571140006785;0,143809827463105;0,144114533565339;0,144389287063612;0,144713708887394;0,144587534636522;0,144549527624697;0,144676775034821;0,145173576798654;0,145747964613829;0,136407454999749;0,144133738982189;0,138655277448748;0,130017521913949;0,154310103439926;0,151235740964769;0,153801339502858;0,151195077987918;0,0744535749879381;0,126374442068888;0,251012092394481;0,230826543423162;0,229967094775174;0,143153407750706;0,222447420349532;0,449756952500758;0,438377891078693;0,703874816220078;0,255908820056857;1,67771827128696;0,0939689363772422;1,67799294148266;0,658499260493231;0,375898059577582;0,244503127860973;2,01281116324854;3,44338938693504;3,83388539427429;1,88096961270035;1,51824120441156;3,2987826540065;2,20521655690656;4,19746999200076;7,31237754108077;2,88113975766544;1,78628317110072;9,76372252764817;7,15858015587124;11,8965125747164;5,81170644310403;7,91699786879671;13,7477768104644;9,29731266501872;13,7047268379893;3,30181183131642;14,8877374812143;1,37012927333684;4,49999025972251;8,21172269243876;4,94961143422121;4,26057400664685;4,71228863603943;3,90582534719436;7,08095923876536;7,52454461412361;2,13263676242952;7,83901581993251;5,34032572758353;14,086564160444;8,1159878822499;6,36024880796034;11,1151618625983;2,68828579950535;6,11894638257793;4,19233763776514;4,0651090106098;6,69317177588764;1,54072106015301;9,89531560364039;2,03280745404633;6,98776128043061;11,4622045691821;8,31043943900939;4,73320607106851;1,89661399755492;5,12689193957842;10,2428916595319;7,88502498061412;16,8131965706994;7,37429799774582;8,38609945056492;6,48549850359096;4,92456660292614;4,1537272277056;9,08878769182966;10,5265302891171;10,7986068356057;16,9371328699265;14,8664122734659;7,37754819375274;6,34850666299464;2,6988201747138;2,05453250944768;9,98188688976467;9,81923505487056;14,631336855343;6,6299323553001;2,74013006141518;15,2921162161011;7,47807763388932;11,2631309648018;11,0397661879154;14,5578678018779;4,74728588324559;8,11331790043159;8,98931142016711;8,61065653938117;8,74307024394832;12,4495012383911;22,4758491161947;7,84161721109004;5,48415186260911;14,5211141604136;9,4004962180576;10,1371914597391;15,6577340173096;4,64562704737106;10,7649382261962;13,7511258832245;9,27216771157194;19,2513324976035;1,83347587897086;17,5227440520613;6,6749853124362;3,17429598941896;7,17067005966939;17,2463783877584;6,76690326374097;14,2982843600215;10,4178176054949;4,94996120001962;2,94890288507931;24,4293057331273;7,04524981668303;6,33827799622815;16,9409128606385;15,9469897132079;7,08462996846625;6,25995604142961;18,818681926748;12,8507503936746;10,5752018724143;12,5898345272663;13,237882076936;9,28666744133468;9,71350650547875;1,37952259933094;10,6346299005358;17,095233117957;8,92254058035992;21,924339211924;18,4428831144806;12,0463632016971;7,80081123117929;5,72014132752395;4,40103172368537;13,1591475967983;10,0302835257823;8,34187635871469;1,19190459414196;22,0998943409612;2,6174619394656;10,6062408242638;2,13989014903462;17,4304925891313;14,3490100467812;7,51025591950479;5,36958619485195;3,04883581749393;17,1429703068093;6,74646205158246;7,32668406055056;11,4174301878901;10,4755594722097;11,2677141168196;12,4791175806491;13,6055631509823;6,14793975737975;1,93463928725923;1,37920564119366;2,25526530847979;4,12392691187867;3,69668208304633;3,21675456203001;4,11526818196487;1,41234775092667;3,55057013530425;9,75555660429423;2,34784813155499;1,93503608992626;4,37446901460186;3,73768601259766;6,98958398187779;1,66390282395696;3,85305032250436;3,01531032363128;1,83342582874806;1,99112034658231;3,53896652784815;0,959339119275353;0,432133919612362;1,32477488770424;2,49123889219317;1,75748015729492;2,18894682834559;0,870145184479507;2,344927468254;1,36976462077419;2,32729192168073;0,513022322551129;0,618899100959889;2,47200315374408;2,64738136886597;2,54464152555518;0,157336608897863;2,10025944976109;0,235817314027918;1,30963646320652;3,0267991562912;0,942142029118586;0,741731909155012;0,835851153448253;0,909592331708242;2,10302076429353;0,652588957879121;1,55533069198022;1,47965705767472;1,47517768670803;0,581308555618374;1,52628353594392;1,87791987920524;1,03623386747616;1,39819155927629;1,30589969645715;1,09579043994607;0,574144434632733;0,303475659210315;1,93270626390057;0,202117373896658;0,196085118566857;0,214379452350464;0,585804205692355;0,563662707699785;1,82111194977391;1,45843406426698;0,0943510735568694;0,46448963566531;0,596146771437915;0,475324242501395;0,14598210970846;0,293205656981415;0,394357572686122;0,651056451350924;0,586220812197428;0,316450726041536;0,319718602853909;0,37821165798034;1,05427598812538;0,453723987714625;0,0831032159367117;0,279043843140036;0,578141105438252;0,251255364392735;0,490631721650332;0,469353087824188;0,31165714352035;0,231968086901006;0,211721807415224;0,132103354758872;0,26717272351661;0,365626544925619;0,416317298397308;0,0406779164680978;0,0208388324606381;0,177407836845849;0,294423091096265;0,172558161681828;0,0885419599078275;0,338702634079962;0,555126040989905;0,465600256152862;0,406463689944175;0,276419673543923;0,343925546330696;0,479513139036807;1,02598203920847;7,05235321026115;0,6392121813477;0,392008581819348;0,452329201279679;0,316353771867673;0,0548811459372421;0,227245306132415;0,231581013516276;0,0569026760249768;0,165172386355735;0,224720040712021;0,067901402449143;0,122803150089132;0,0734572872833766;0,126033206394984;0,108075969091349;0,19955103978044;0,0694487673652591;0,0484010052167637;0,0456083771144698;0,0748688891780155;0,0594010055175571;0,0385175329042272;0,0773446503880128;0,143826988599782;0,158365816115335;0,0581590402923261;0,131599707712313;0,153254370373792;0,0381923902790355;0,0764220848577209;0,0974961322909259;0,0300441712775035;0,0384721520997682;0,117097936114263;0,124951972162064;0,0506001028200478;0,0798260593975377;0,0760552843675902;0,0649781583250123;0,0507282129436351;0,0275646085100681;0,0687810005664233;0,0204856120204924;0,0672762026001235;0,0680831911342177;0,0219398530468171;0,0198092769137914;0,0893046537160673;0,0688222327098826;0,0586122917642175;0,0299720225807818;0,0230743461700655;0,0116120037596191;0,0273180379924717;0,0213469110653128;0,0460170143208865;0,0500867887231882;0,0429375324347025;0,0511161422700892;0,0534785444697042;0,0221345195734587;0,02323599890478;0,0166140244677312;0,0297567434526894;0,0404680798013018;0,0429414023574799;0,0352610845725088;0,0257563148223174;0,0177438046027979;0,013918938559407;0,0170632799697857;0,025461398667021;0,00796470165145892;0,0364821700482771;0,0247200645926171;0,0210026191817714;0,0396447994827731;0,0266209973298711;0,0369321800335965;0,0374255914640383;0,0187439005653372;0,0126966900819451;0,0239610377617259;0,0245412549744311;0,0019425273131472;0,00447538070127758;0,0173060991449404;0,0344955937189422;0,0218961854563489;0,0110376930313772;0,0234233026639424;0,0383889209724397;0,00830689667126297;0,00186152875407882;0,00873231445841597;0,0172724471812593;0,0154912672126808;0,0105153261768127;0,0152031090247;0,0101651405593022;0,0487168809520322;0,00989903548758357;0,0175819288927016;0,0176791336091128;0,00207181286722599;0,0153433291755633;0,0236132118619132;0,0211337316233135;0,00140643555158633;0,0162095362410675;0,0251876336052836;0,0280711929643767;0,00470114522254979;0,0176558911285514;0,0123086084109616;0,0149831614774534;0,00625730176845945;0,0130386254433648;0,017876272949574;0,0106127856111767;0,0123717534017593;0,0164669449793828;0,00896889116593376;0,00917051034462436;0,0119919492475548;0,00669168729946995;0,0165191596331915;0,00810564744450624;0,0104609487055679;0,011542757529055;0,0107095040029713;0,0127427491075491;0,00340972842586055;0,0111800282422807;0,00683502108983028;0,00420631371753656;0,0104090526235686;0,00799730827800379;0,0122309552660708;0,0068516809109735;0,00317443309377225;0,0103335825377525;0,0101223137773393;0,00779679445673818;0,0117626289172615;0,0138992347610229;0,00559670517854487;0,00773404316625551;0,0141183700385623;0,00615460951297448;0,0106997646435477;0,010198678134792;0,00899080260846442;0,00538729699645087;0,00743010103815016;0,0126263957440511;0,00638927536454734;0,00785954336589658;0,0113936951107541;0,00764262162957982;0,00890631938578863;0,00973017555840854;0,00461038345863229;0,00737879756137366;0,00993940141392315;0,0079318792248299;0,00593028204506645;0,0108452879407471;0,00991754765852312;0,00644314731790249;0,00755621923770621;0,00737998308225528;0,00700806477363204;0,00837993345461261;0,00654328670950197;0,00772568464629584;0,00488764949339283;0,00985200374787011;0,00705290552626546;0,0100656687151869;0,00480400002839455;0,00791578495411228;0,0079259459054207;0,0072133634198972;0,0084377674974966;0,007877749923284;0,00773486243719675;0,00686907088364923;0,00766408684252627;0,00778677014455919;0,00616020464884684;0,00660260110508008;0,00718494881161088;0,00644381877894658;0,00720718778396096;0,00617205076801471;0,00754872336512522;0,00704971613286692;0,00757590466759852;0,00649265603261558;0,0067660494704655;0,00625433375639029;0,00753750949176321;0,00687371440369567;0,00832690649511617;0,00595164555391661;0,00756427993030364;0,00623492765541165;0,00662180381096353;0,00696047103507837;0,00673292188464463;0,00651400068617291;0,00633878688191406;0,00621707339180015;0,00769367106358855;0,00662955385416946;0,00674912851373621;0,00749295772997283;0,00647746023531519;0,00720954505410758;0,0061335491309268;0,00657375658718648;0,00677813926962218;0,00655002851084197;0,00661637413766689;0,00588243787537612;0,00678393513722759;0,0063613678021595;0,00670126823204713;0,00720321961846295;0,00632433544726453;0,0066478263505497;0,00635524613922128;0,00608194237825846;0,00634848152980016;0,00610206921672109;0,00615737702238147;0,00611556726715722;0,00611314278230299;0,00619584108303204;0,00592437711160623;0,00600977380324915;0,00618790036574882;0,00660562733695097;0,00621804723146323;0,00593505565561167;0,00618938637735163;0,00598168225513974;0,00625951955757646;0,00589992766451027;0,00583689616445647;0,00592106011657795;0,00617360925659388;0,00578559588764768;0,00615577973904049;0,00607509509035527;0,00597065575003243;0,00585567481109371;0,0063017496128069;0,00590032254666434;0,00563106231449022;0,00585589357059025;0,00583777157083268;0,00584518888146709;0,00578037084590611;0,00581978954411682;0,00579918475422614;0,00578984630265715;0,00573130387152272;0,00576145336040132;0,00578696914266551;0,00568546605687609;0,00564887883078889;0,00572506703962002;0,00564887625210963;0,00553220600929894;0,00554031414363008;0,00560629620798491;0,00571612966857447;0,00553760216890449;0,00559607064394432;0,00553578426685562;0,00551315378234652;0,00559356298197959;0,00551352909648083;0,00558175886238525;0,00547287823124881;0,00545338001369527;0,0054911475629064;0,00545948950227685;0,00542357308652859;0,00544578571869209;0,00536928858901427;0,00538050823572001;0,00540405017527915;0,00537159572216802;0,00538263026483916;0,00534507776171972;0,00542245106469036;0,00532213816001975;0,00534452904191822;0,00534253239211226;0,00531908789653326;0,00533429762041638;0,0052747824675207;0,00529124233316159;0,00528166841613089;0,0052608091668646;0,00525902101025623;0,00523202855698064;0,00523288688945696;0,0052168620890276;0,00519004213141668;0,00519939911919049;0,00519882617739783;0,00518643528789316;0,00517274331988745;0,00516119165586735;0,00513531327486896;0,00511866318597594;0,00514070107522042;0,00512648346838508;0,00509030817124618;0,00509484897644344;0,0050835695648673;0,00507550920064333;0,00506462021012365;0,00505860184263303;0,00504456590407374;0,00503339447746332;0,00503024832786179;0,00501947807770528;0,00501994550248013;0,00500253266941204;0,00498205099081575;0,00497813064901498;0,00497319289696404;0,00496557047642387;0,00495921959382709;0,00494984975816232;0,00494507744414706;0,00493309124239138;0,00492016602673839;0,0049157204500356;0,00491220433746132;0,00489692500861559;0,00489066898992112;0,00487881418435009;0,0048752631748564;0,00487174133343133;0,00485626044001234;0,00485887989944881;0,00484709815520072;0,00484000642833889;0,00483080850318824;0,00482465467844986;0,00481318275488179;0,00481047133634465;0,00480223854823967;0,00479345941473798;0,00478632640678108;0,00478109079723278;0,00477454363898573;0,00476729095557089;0,00476109064123928;0,00475395322459524;0,00474886276152077;0,00473971249518044;0,0047340764965913;0,00472825746428698;0,00472144937613278;0,00471495780857242;0,00470819286766928;0,00470244075067088;0,00469652532110534;0,00469103346212724;0,00468505273443216;0,00467938538079023;0,00467266089637921;0,00466674810957384;0,00466241326547408;0,00465660925601366;0,00465096835785332;0,00464442474118889;0,00463952114631911;0,00463403672950933;0,00462918069823301;0,00462403711070214;0,00461908798133822;0,00461391818892727;0,00460894054388692;0,00460362840444088;0,00459902257645701;0,00459420990186679;0,00458961666932566;0,0045846539463549;0,00458007220808945;0,00457531612379508;0,00457111378446136;0,00456661868633351;0,0045623443197181;0,00455794522109482;0,00455380850307383;0,00454966243785316;0,00454554534968127;0,00454164583021559;0,00453754356957384;0,00453369697370249;0,00452989169449091;0,00452614855800723;0,00452241501238069;0,00451884779182282;0,0045152806249911;0,00451169477274426;0,00450827254493427;0,00450489120621784;0,00450154568905481;0,00449832731241882;0,00449516806398721;0,00449203229449899;0,00448896596153529;0,00448598962972284;0,0044830429265047;0,00448019080725183;0,00447740417336329;0,00447464803883391;0,00447198372157885;0,00446935759810593;0,0044668092940385;0,00446433133972471;0,00446190257078778;0,0044595447200387;0,00445725491430403;0,00445502023324618;0,00445285384347435;0,00445074948460282;0,00444870696217505;0,00444672892173209;0,00444481272165725;0,00444296040106687;0,00444117114232222;0,252225974746304;0,00443778102498436;0,00443618137535936;0,00443464423974065;0,00443316981241544;0,00443175822067277;0,00443040983973957;0,00442912410351269;0,00442790144376245;0,00442674150955473;0,00442564435854228;0,00442460997160521;0,00442363839979524;0,00442272959319694;0,00442188351877276;0,00442110018756395;0,00442037953535944;0,0044197216153707;0,00441912638764318;0,00441859383916314;0,00441812396396144;0,0044177167536124;0,00441737220268831;0,00441709030596439;0,00441687105763422;0,00441671445386463;0,00441662049424669
0,322467485099672;0,322519035935513;0,32267610250292;0,322945560183582;0,32335030130907;0,323794743972424;0,32455684751968;0,325317469009392;0,326451273424217;0,328450827600349;0,328819722265611;0,331075964412652;0,331578162118071;0,33645483638572;0,344767697931561;0,343567895312162;0,350102959533996;0,374559620090512;0,367195970737879;0,385069905078909;0,371816966596907;0,295952817924878;0,353001898876326;0,423874141742357;0,377636313453872;0,250903424992103;0,540727049824641;0,306396196858485;0,584230975439428;0,104443070935379;0,327572960243003;0,748338970903422;0,66194521762675;1,59956759412276;1,60732517779777;0,897567113191387;0,591574919242801;1,60579365587298;0,420068658492251;0,853853296788905;2,9945971044619;1,90779912554307;1,82955763167127;4,37037003647525;8,29558545949483;8,86956307688216;1,67762948448808;5,99756920760858;4,6247931093736;4,52587112530958;6,45339966713713;5,8173914884346;12,640184440277;2,32564711582406;13,6636917994515;13,3456036770489;10,0330332114769;9,04226300420302;15,581224904841;6,10686198056313;11,8525215158778;6,04754181492796;6,72473303514433;5,46996884998545;9,15565296111429;8,99044679542654;7,63281048153537;4,47372696113602;9,2638173819156;7,08845946957795;8,47168579525487;7,20893237704029;8,78789910889348;1,16945145427463;7,48236223871499;3,65588434182187;3,69690569031377;3,08344067262603;11,0400303253028;9,21083173899828;3,99750250415171;2,95623678459284;6,91635354190697;8,2989336884309;3,80038555059615;14,7931103163605;4,25313775628442;3,10133532967099;6,61504066331335;9,04098103044649;4,09660367071943;4,2237588298432;2,62012760233373;7,77108326306194;2,22569988251898;11,1071226627313;3,0936533998513;8,26240776488496;3,99156950098251;3,66183116972005;5,25163013830328;0,937381496735663;6,56514092964902;3,28652090297044;6,85906344814529;5,17959541395077;0,236030671536472;2,97510048842151;1,61841368263578;6,79192353242419;10,6473785986419;2,04015797610221;4,96990176551883;10,4412242442563;3,13540941698081;7,42150472425471;8,40940560364402;5,91284132554623;2,70146584509908;1,92280934694021;0,886394922970658;4,94970266142638;6,02532900763116;9,23032949335188;6,81767706212538;1,84961624860378;9,81732805205217;6,0462235696941;8,75127556006443;8,27682028407595;4,81053766372923;8,14385078516995;4,18850322014762;12,1284116871321;12,9856821784613;5,14876554616682;7,81572931321372;2,15678367832987;5,24368540838862;3,35533717287427;7,94948913820102;6,63802690344317;4,2693101483136;3,96097690737832;2,59013441297541;2,84905445803014;2,62895935210755;3,40399041473617;3,33287257004519;2,33769664845687;2,59689623780677;2,46246756362839;1,90618271562996;2,18281427466491;1,59354952963393;2,43326898471335;1,611695599464;5,97345565561817;7,64648100845472;2,95755652336341;4,02333304205293;15,2637972644336;3,54481830558878;13,5323245859487;6,4579763416427;13,5242012824013;11,8888096206393;1,60838018850554;3,60927817804109;14,1124289001338;5,72424571171178;2,70921967110896;8,46858897481782;3,58254743900425;10,724046302444;3,92595528344193;8,48490479448297;4,74323933363998;9,15766301381096;5,79799002146776;5,41205394713501;6,95343769675769;2,94518366485184;6,30687921365148;2,40518081918239;1,43972641123905;8,21594990973909;6,84096231940042;4,79487270663195;3,92589418419099;5,07201137286361;3,55108402847353;3,76098125431422;4,91400787945531;2,73462923560718;1,17876252793353;5,06666578511345;1,68002521390629;2,98519834703811;1,92399162088465;3,43536782361646;1,57691743568485;1,00898956382288;2,51166201664437;0,936176916384539;2,14448378166382;1,24730203748134;1,35615133415232;0,202473762015842;0,549442785943985;3,63378039110276;1,66986396715164;1,02480998675465;2,20428412416238;2,60143295188841;0,624216566563268;2,80297159035262;0,832069608868301;2,05138275344106;2,48792806340739;1,81626403516592;1,14268522317927;0,448289562306534;0,263550308938557;0,610093858615158;1,36092957078299;0,38325950467541;0,922214780181894;1,45902633067343;0,514737144579416;0,402357690570763;0,122642254610263;0,470469864732822;0,997939850343439;0,152246316259988;0,941356628904566;0,463582998913615;1,437296928682;0,700166325135661;0,721574766623521;0,630264017027617;0,255967751015556;0,230067572467567;0,372049781484065;0,183671547402603;0,63775530650915;0,37048302860294;0,333112085587699;0,195415316536419;0,36445689288491;0,575183259627105;0,354010820696099;0,262901210629548;0,287024316365191;0,224643496145685;0,56091891864601;0,277533456693981;0,382473777376686;0,463550822160161;0,231424678037303;0,200095229766382;0,174534709254669;0,290854865962756;0,367317759020334;0,189478269130124;0,21711048568612;0,302130547656691;0,211654059972743;0,446295637011746;0,0626650958073201;0,382238303424209;0,126654372643619;0,227713009217574;0,0741657734400005;0,350074405147454;0,436307864238086;0,365408754798723;0,234839472843153;0,115785424981445;0,217939759400285;0,187787744681032;0,234657103749889;0,125495114316502;0,377850462384116;0,11595570006751;0,121773129377698;0,0556741521098569;0,107107791477512;0,262994005920383;0,183849204202568;0,160877929219347;0,228440481515454;0,0871796392574768;0,132124933338663;0,10797157224578;0,200367882069691;0,388917699771068;0,537911861013522;0,954115550590235;6,96399284672398;0,690940652241881;0,443965775890582;0,264723024523402;0,190742436864637;0,211557814007895;0,198136872846214;0,0847217994131131;0,222005948612481;0,134416838523731;0,0409648380906648;0,064043400638581;0,0627330542746141;0,153306679516465;0,0835055695088354;0,180933579770285;0,0573373325717908;0,0603965682639869;0,143888553351811;0,0246921082621143;0,0448219614848299;0,0788799869603152;0,0855595713815188;0,151271812438339;0,145324095386538;0,0745990277129305;0,128608222556142;0,0863240616684957;0,060334000111448;0,116120397404159;0,119935211152369;0,07535936178363;0,019100688313034;0,0490791801175426;0,127736082265563;0,0540170138107201;0,0604463224987054;0,105746103664981;0,077248644702148;0,0847900487097198;0,0823197524345254;0,0920143165962603;0,0587775781618496;0,115180473018473;0,118486039799721;0,0629671295362344;0,0435297553552595;0,0921668299082288;0,0695130416816201;0,0798939360312898;0,107882457614137;0,0763550979586681;0,0811430445940569;0,0525097720781917;0,0737668528778103;0,0621215987278348;0,0610421436970138;0,0545092114026927;0,0631482283640662;0,0630193566908344;0,0801789792387741;0,0772749532318198;0,0642585949365283;0,0667276786888419;0,103952327394236;0,0359947386365376;0,0436632350307093;0,0718010128505388;0,0442880450175438;0,0358735529948886;0,0594025859303656;0,0741387965698215;0,0538572439257088;0,0387241947852502;0,037231366932404;0,06477648660422;0,0552074417169749;0,0433691770974925;0,0459888808417536;0,0614373886261667;0,0440566827624722;0,0329865876741004;0,0269884610420395;0,0655436198539745;0,0653384091275645;0,0538013153597222;0,046813833737968;0,054314330211508;0,0404114686918717;0,053863418419063;0,057019347340443;0,0543533672190925;0,036692015060422;0,037926010427164;0,0569114652217329;0,0391264331598363;0,0411684306802365;0,0525838111605505;0,0518064475741441;0,0461270799823225;0,0432701378648637;0,0341026989282831;0,0356218970828214;0,0345432362429146;0,0459480894783927;0,0389027105039507;0,0425190711790713;0,0455188603458581;0,0397108647311682;0,0520274141072809;0,0565184932055312;0,0405626735676356;0,0429690015304689;0,0458504151895275;0,0411200783656617;0,0357874950393392;0,0339907932528811;0,0363195413661028;0,0377349875494554;0,035684666026603;0,0361393183640751;0,0428869932146564;0,0331049575272798;0,0413822617114495;0,0384451191929332;0,0319091699177298;0,0362392048722091;0,0336786945977348;0,0390069023348708;0,0409054689807226;0,0377401858741912;0,043751177473017;0,0337530822732271;0,0394520650011587;0,0363383709444772;0,0381797045387595;0,0316946108022541;0,0352417314614064;0,0371828378369449;0,0359795975566101;0,0336754373241522;0,0369662929857852;0,0317903238856059;0,032176285227243;0,0331918806723156;0,037126530191554;0,0352980261404205;0,031527588875938;0,033516330146442;0,0347687585238065;0,0341115672452975;0,0354676916303024;0,0341623778317045;0,0362020439494419;0,032531710713775;0,0312839775466273;0,0358546893697972;0,0315164886662928;0,0304162204367977;0,0327745815411796;0,029490526192303;0,0311588612145747;0,0306284395359792;0,0325438736609086;0,0318884918668936;0,0313729380246923;0,0313144025541686;0,0309189372859904;0,0291631184175306;0,028908812460836;0,0306452234101063;0,0283969496940332;0,0277533174416271;0,0284138977815823;0,0317771110867788;0,0288546499044508;0,0283167995811635;0,0293231022342475;0,0317119612475957;0,0295638699353571;0,028669869927466;0,0272483658719734;0,0276401653622025;0,0290284311549666;0,0290223875226711;0,0274151415901472;0,0274655208640254;0,0292789385517056;0,0281798648322273;0,0274951464851068;0,0263605752708384;0,0267396703104786;0,0270659134761802;0,0263595060886383;0,0266265079596077;0,0279690984405531;0,0274037104496444;0,0264655688961074;0,0270138456968969;0,026439193423504;0,0266534293225988;0,0261061100388241;0,024813406161693;0,0260453458442645;0,0260502903796207;0,0257259087963529;0,0254409820326786;0,0257094382570953;0,0260383920018578;0,0251163084519131;0,0242945756242355;0,0249459148881938;0,0251783458732054;0,0254578805805068;0,0247326048665931;0,0243885481943422;0,0247877711374745;0,0241362207090066;0,0241364854888896;0,0252674533926119;0,0239562593648431;0,0241358968900508;0,0239845301936068;0,0235539752588338;0,0234948281466744;0,0237605055494486;0,0236243079344619;0,0231485023502036;0,0233852529548433;0,0231461937411218;0,0231418489450213;0,0233753868399592;0,0230412225286476;0,0226524092811829;0,0228675202008995;0,0228845217206447;0,0227381790840104;0,0224546413685085;0,0226106049654907;0,0226238907889293;0,0222420887583871;0,0220565122841492;0,0112810770595069;0,0222223810352284;0,0219989125333841;0,0218530451031521;0,0219343539875775;0,0218218653775468;0,0220502482451276;0,0217576017430108;0,0218787532519594;0,0215385396455716;0,0214465858697444;0,0214317476928565;0,0213778471864684;0,0211663559964213;0,0213161397963757;0,0210506224830203;0,0209878075376398;0,0211023211563358;0,0208155177386824;0,0209567136169522;0,021072243804214;0,0207307324562745;0,371955163836951;1,04296622724412;1,1181888349308;1,53236581336131;0,805295914657968;0,561111636330594;1,28584202942206;0,648577687036518;1,23936035943895;0,548892343368496;1,51038606810006;0,0201124106427549;0,0199174860256086;0,0198811729480518;0,0198639533386008;0,0198929182929671;0,0198157006925748;0,0195874629517655;0,0196049506893714;0,0197017383583005;0,0195366057164172;0,0195103145462724;0,0194378169173095;0,019344771555067;0,0193271477329572;0,019277893220659;0,0192520035785724;0,0191860301483054;0,0191229903086102;0,0190249641596877;0,0189900451159573;0,0189679233402319;0,0189036742467525;0,0188483256244016;0,0187591450519327;0,0189055775870694;0,0187502404717863;0,0186665903263308;0,0185961653294061;0,0185467661093497;0,0185053692710513;0,0184859849048191;0,0184316450896131;0,0184119433526904;0,0183568322929995;0,0182686839356945;0,0182492595918749;0,0181924862291159;0,0181865796898947;0,0181290387039809;0,0180651152001768;0,0180306168104573;0,0179794724119076;0,017969020494352;0,0179108248003157;0,0178827411758451;0,017836975516592;0,0177883422800039;0,0177520243915243;0,0177119203426389;0,0176738184048915;0,017631144579634;0,0175980539006747;0,0175536621661386;0,0175105691129829;0,01748302322522;0,0174493613462368;0,0174026948730954;0,0173692662070012;0,0173399468359503;0,0173016034318308;0,017266483031601;0,0172287866889911;0,0171942189898085;0,0171580189570047;0,0171291243778738;0,0171020428050294;0,017052524612241;0,0170192799674677;0,0169919965103759;0,0169616555983181;0,0169258349987045;0,0168960016171458;0,0168653924147813;0,0168312245352125;0,0167987111134708;0,0167748496162025;0,0167417731121831;0,0167126963456127;0,0166814596739389;0,0166525685132203;0,016622562434154;0,0165946113671306;0,0165658344484202;0,0165385354251299;0,0165106095216774;0,0164839565884083;0,0164546799562097;0,0164262816103095;0,016402128239169;0,0163753068650443;0,016347050648203;0,0163215458326146;0,0162963927729452;0,0162703221661809;0,0162462728027769;0,0162227434650511;0,0161955091260674;0,0161730390708307;0,0161478365834247;0,0161252324012725;0,0161012713912042;0,016078061495709;0,0160552617633158;0,0160317637197884;0,0160097935576951;0,0159884011114003;0,0159669564273402;0,0159456217612593;0,0159241421213437;0,0159027778810118;0,0158822459473986;0,0158622627349415;0,0247603945787567;0,0158219730564364;0,0158025623611624;0,0157831681726659;0,0157638972086411;0,0157449530971513;0,0157263599671898;0,0157083741556385;0,0156902471582513;0,0156722752277269;0,0156547255128719;0,0156376823178876;0,0156206153358875;0,0156038410756005;0,015587381074343;0,0155711270614074;0,0155550836250691;0,0155393919411452;0,015523933526124;0,0155087489467719;0,0154937879386285;0,0154790124377686;0,0154645194765436;0,0154503381673616;0,0154363419249544;0,015422646109976;0,0154091915032062;0,0153958937677555;0,0153829126541212;0,0153701898632018;0,0153576814301262;0,015345480841369;0,0153334412038534;0,0153217087367449;0,0153102051315252;0,0152989374865803;0,0152879198085301;0,0152771433136874;0,0152666160005434;0,0152563178184188;0,0152462773874322;0,0152364642012947;0,0152268902445432;0,0152175641522284;0,015208479433114;0,0151996313426578;0,015191029336521;0,0151826634130908;0,0151745312114293;0,0151666454900572;0,0151589947989984;0,0151515859778176;0,0151444131345462;0,0151374765022955;0,0151307779420231;0,0151243179487927;0,0151180944976044;0,0151121066617547;0,0151063562356025;0,0151008424429312;0,0150955645087333;0,015090522449195;0,0150857161249999;0,0150811455422283;0,937938400186001;0,481807007913687;0,0150688454014406;1,4422084441868;0,0150618203348012;0,854706720409478;1,220976607118;0,633747037611404;1,27263109469895;0,0150483627507766;0,0150463741785721;0,501561080324767;0,86332187051724;0,0150418129430764;0,0150407605054544;0,0150399419834202;0,0150393573457487;0,0150390065718637
0,397349183223782;0,397592570455187;0,398325430891224;0,399557513667253;0,401319854086953;0,403536857043215;0,406364460003432;0,409799384173928;0,413796352780767;0,419740441513863;0,425695557380803;0,430299924896761;0,430375185625679;0,451772794120203;0,46738235457507;0,467579799910216;0,500015468133713;0,528197150044251;0,547264877465633;0,523025916656764;0,494759180574771;0,427346087601738;0,567821192628189;0,601855119099949;0,725435702764836;0,648469831607049;0,733916574204782;0,590907701823194;1,69705459771008;0,386708938850143;1,12303869556828;1,73710882669306;1,80466915089757;0,88135154419443;1,9756955907671;1,41741206246562;0,563980691626772;2,52209438822512;5,27344521351792;2,90182110152052;2,53080972161394;5,61552329607267;6,44763583337778;7,89097641669357;3,1477216813259;14,4753122281289;16,0079558775689;11,4281035985287;11,8122965119728;15,7071718117735;4,315164480501;1,64626458149614;15,8954707396311;10,8276054141885;16,8353580724645;15,6552366889039;28,1541953947589;17,6490843197717;12,6571479523013;6,39798842750112;14,3537395358595;3,80012489744186;11,8758230019964;7,43947357336692;20,3197619022961;26,0296231565426;13,1918778493101;14,1857790659982;5,35243778352156;35,3491004249358;18,4599873680057;39,0228377235066;34,9907277610684;3,1510839132395;21,7183959038635;32,8268961345474;24,4913776004818;16,9840346773727;12,0019839458302;18,5946532437764;4,71525848571796;13,0684000239795;12,6363584933439;2,66292173263996;3,50397926376434;22,7683924475267;3,1449973095822;5,19286186332087;4,66690732998915;10,6691562597249;16,0617274344143;6,08915453438062;8,92389820493848;8,77128486809478;4,26822893337215;9,55013327634704;31,7844026512339;34,066334945049;15,8531936529444;13,9272186378046;15,0648066429222;12,4671396292908;9,95130527365856;6,69542121063985;12,5728130504974;23,5091427693462;19,6752614999561;9,02209125811258;4,87352886562737;6,08495879925032;21,0780324150048;5,04415366183044;13,2442677965032;5,39115614670928;24,0169526403215;18,0602052746275;23,9261190176448;12,0719102099106;15,9411326542246;11,0580243609256;26,4942668276453;15,6405239265605;26,2693578025884;12,1914250818376;34,8173152172854;5,00619895588052;16,6402920775684;18,7753412719403;16,1192254748955;7,05448399767518;18,9767438543161;5,38368964993609;27,1981844679143;2,36673125618558;36,8473139860288;32,0684132508752;16,6507790426292;8,96606025662567;9,08369650101293;14,2501195687158;34,6608913838382;18,1828297568349;8,55002096479637;20,4394298097316;7,50695422141088;5,60382986067125;12,5948263006006;4,02473482977439;8,80289989418875;1,35700286406326;39,3358576585399;23,6675519040421;29,5667114740842;2,42684461282403;32,6045451755067;15,5299559736413;16,8009632083553;7,85546406341448;23,8052358870582;8,05667325938267;6,69063746138655;8,79814270143632;23,0531783525295;7,17865173008956;16,3082146343714;20,385784974135;16,3608233408708;19,6308541126114;23,195784638625;27,1310375107984;11,1036943945607;5,26428188569151;6,05864284085246;16,2139932508311;23,5968411099477;2,37520082675437;21,8540796768209;15,0366357634211;18,8868819308645;18,9975818842994;1,80349425276139;17,124945759776;19,1047012152122;22,2206407625397;16,7087335601384;15,3724166417945;8,51213728994508;7,85232951371569;10,1427628726257;10,1381309217839;7,66391998273558;14,7889123873279;7,02336491983309;5,82405872719993;5,85878515222451;5,43468098353357;6,45706410688805;5,33216756309502;11,4932772526475;19,1441147726106;2,63298715856011;4,50216798864582;9,55381821440586;7,21846526870863;1,71248924227995;10,8598940374973;6,40907910054389;4,37108027156221;14,2758266216106;5,55743898972866;5,61626328975612;6,05720830021406;6,40093546512144;4,4226023732604;6,17386813347666;6,19039185940358;1,18944388045003;1,08872526389033;4,81286591920324;1,6064586412685;2,08417976896208;3,78894878899814;1,48887210426924;4,22933613039614;2,97658163266955;4,34134158031968;3,19289443645646;2,57978445991689;1,89066268888122;2,20111203432925;2,44249516328206;2,36495323570458;2,77305954918045;3,54719495725958;1,39776784960124;1,31425003648126;0,28220856156723;3,04157708335993;0,928498063565215;2,87460101914498;1,1111535871044;2,96476117267584;1,88724534022542;0,829578153002786;1,5521920844844;0,802655582574982;1,12241997997888;2,25007440443291;1,48132583470407;2,75083343768925;1,93586658404437;0,924316466361202;1,48624983899085;2,88280805660695;1,68763120607434;0,629224653231616;1,27156043900499;0,844622270677394;0,772671639643491;0,651095202491659;1,45773378826507;1,92164970878793;0,679755319617872;1,98980908428753;2,02641890553288;0,654449861826356;1,21185461396582;0,608490027332193;3,02639013155672;3,97665906415011;5,15331173643368;0,197338872026002;1,57561131782384;0,919450649110021;0,775943946578458;0,226461088761071;0,702330398756013;0,904366179913647;0,491258179795615;0,0763956729792598;0,388716610893211;0,191685872677282;1,5121578665503;0,606915944126328;0,0700553414491727;0,659415654599757;0,998606377149034;0,0688956366347518;0,452144845122989;0,650259381129506;0,604198095847897;0,522036535306912;0,647874629252823;1,10910517982872;0,650053336753687;0,526188914266442;1,08314183993574;2,01172474193515;4,58033124920768;30,9801299640055;2,79064360631495;1,8566844457397;0,679577544385637;1,04974664261257;0,735406369247736;0,593483603363208;0,590739168634088;0,564754236089256;0,352669631627196;0,16727342389982;0,323474667569737;0,156605407949504;0,332795815564706;0,267632853799385;0,173464859860289;0,255890106164006;0,493695809053691;0,235620244371356;0,170156521941721;0,215759412033519;0,173213236283291;0,35805909056334;0,0637979848795638;0,0418016112651227;0,209892012117008;0,150006511925626;0,240950337082105;0,0935882995967964;0,132877872479832;0,222854048827157;0,185464251698161;0,242266820920784;0,168693499360987;0,0565822035986618;0,147351687258227;0,187379419456289;0,0360557399550543;0,104312647183313;0,0700095670619111;0,185888820101495;0,145682591507825;0,0812817471773596;0,145627774001226;0,0778294924777728;0,0828267791306376;1,11714799099823;0,0361130606422893;2,857156196933;0,134817748100805;6,00535443516968;4,37854375015576;0,952587576892406;0,0633612331638602;0,0144553197941937;0,147086596799055;0,0218004080174212;0,015827223264743;0,103951999462618;0,125777716791053;0,0810577637480397;0,100673791057891;0,0685465161497635;0,0637373911199593;1,70213758219878;0,0208498309966525;0,17662925859836;0,115834181997999;0,018243742987324;0,139808320796098;0,136552650200196;0,0917437647011525;0,125008515373101;0,0627806256141179;0,0881217140458947;0,0376138724117864;0,00780703697009619;0,0951744225724474;0,0332286543932971;0,0820104709934264;0,0575467315234518;0,0142132555432253;2,38969291554068;5,60109327280338;0,027059448882416;0,0785303606758803;0,0229997373639279;0,0193801074509036;0,0471770357412093;0,105935346895132;0,054841144603599;0,0137981815548002;0,0218502329480326;0,0395328006018168;0,0438143021687639;0,0846707537633678;0,0216897549809114;0,0233087293908512;0,0659109922098001;0,0176793277822809;0,0761088738245501;0,0787253421167699;2,38149803131333;2,003647253525;0,0426649923843222;0,0278242262941693;0,0614247799274276;0,0132404680572322;0,0556508872672118;0,0274878258001262;0,0124418279604636;0,0418033250053524;0,0355145733716219;0,0184489653760698;0,0280943255455972;0,0147490368086737;0,02102460743967;0,0359014549195943;0,0348514171717633;0,0179076499059136;0,0248153619453248;0,0387466326345034;0,031921838336443;0,0330440289559302;0,0404464527392273;0,00824985488916108;0,0136877029532751;0,0238065132520648;0,0505105626173096;0,0138116149721018;0,040852201031634;0,0314499577969425;0,0286200086657597;0,00968988272212567;0,0163791227154411;0,0229324543139561;0,0235825112528339;0,0308020600963269;0,0184821332007646;0,0377387135117236;0,0137538071859997;0,0231732084615644;0,0103429229214024;0,0348245873821771;0,0180944802450524;0,0282644139133967;0,00845808086450858;0,0157492944164135;0,0161331735309714;0,0219033074718161;0,011139950890136;0,023194245290789;0,0185742626532833;0,0154532956865489;0,0273852339057702;0,0168630530223259;0,00497765062078023;0,0119900895746559;0,0152111401292355;0,0124167741182226;0,0202812632208314;0,0134717368777452;0,024720004948478;0,0176485803696246;0,0264482376246813;0,0270012426912429;0,0130110829633293;0,0183357621521302;0,0208555622288766;0,0155444578853198;0,0258272092221877;0,0143043569020119;0,0176873543104194;0,0151035389245949;0,0189403181955761;0,0222648679720927;0,0202733973801525;0,0145149782737175;0,0184447424491778;0,0212726279278894;0,0147529032448596;0,0206200211946799;0,0130552367909158;0,0149555099946301;0,0219623439541071;0,0198955874358518;0,0161845583385392;0,0163752530463429;0,0154183322505847;0,019403004235083;0,0131232540715769;0,0156744701204567;0,0195344667827409;0,0145369781302407;0,0144462051016499;0,0131542508739835;0,0121484571973461;0,0141262491416077;0,0121003406574154;0,0152981147106789;0,0184747756764128;0,0145494227741756;0,016224562533319;0,0144484763960615;0,0163766621909162;0,0124906201203349;0,0114760047668039;0,0129565975241695;0,012239573658798;0,0133818297944117;0,01255705450342;3,89190337896149;0,0149999451711387;0,014612380515124;1,87804684789643;2,87850558629787;0,0131213697384028;4,43490029419964;0,0114537807736854;0,0119587670080717;0,0119120399871419;0,0121326995936406;0,0125856376486417;0,0126161226259297;0,0118494556722553;0,0121019460646785;0,0117202520095943;3,99355182243389;0,0120058395551201;0,0124357415884351;2,57969181500784;3,44312432954428;3,01823382260495;1,97039949225082;0,0117601230489652;0,0126261445081735;0,0115262573719065;0,0110027928987348;0,0113708828884499;0,0114223260020745;0,0113852660420796;0,0106747386975011;0,0121210104385228;0,0102738696064491;4,61060907913322;2,14017437995248;1,64512209040832;0,0106951569488869;0,0109605984426823;0,0100823284885711;0,0104217758767921;0,0106348114151253;0,0101023552626263;0,0104840770818802;0,0103842348165051;0,0100695680556743;0,010587409047977;0,010290927826035;0,00978296914927287;0,0101765150465727;0,00937526105635781;0,980846456699141;0,048521609581285;0,00980856741799879;0,00961145032359696;0,0096994793235033;0,00989131969289623;0,0101773118565916;0,00936649894295318;0,00924552017063191;0,00959841533361043;4,53995030700187;2,20723608140048;2,40300193479817;8,01559223143875;0,00895300055030647;0,00891847146145396;0,00850880451902564;0,00899489121669631;0,00904981760762209;0,00895349132649301;0,0087148471736084;0,0086405737568146;0,00890535311062107;0,00867539050982827;0,00876380006539533;0,00841601938009641;0,00863190127780482;0,00840888514439493;0,00836340776871762;0,00835013442790806;0,00842953652467614;0,00819607920383339;0,00813602102292914;0,00819886003177701;0,00810814661538353;0,00803580164713291;0,00796067299272591;0,0079650467670674;0,00841439590598961;0,00805613410179936;0,00783976540968723;0,00782915056792348;0,00777374299825565;0,00758695701368416;0,00765871785837805;0,00756562802977669;0,00768052202255538;0,00751228522117068;0,00761278156326423;0,00752800597938829;0,007453266492848;0,00742898249506414;0,00736583311380231;0,00732152786724815;0,00724769655475604;0,00731647614407651;0,00723654385982135;0,00719900617600996;0,00717100108485432;0,00703621614400749;0,00702760883543433;0,00703540541312323;0,00699411282024647;0,00700401492777905;0,00689474858486632;0,00691144017966012;0,00683167505956546;0,00683283244679368;0,00678767424910965;0,00672943084076844;0,00666525350379695;0,00668097398556028;0,00665024268489136;0,00661370553960872;0,00654407306950645;0,00649382553914919;0,00650146902173581;0,00646128173470626;0,00641927493297736;0,00639262072824163;0,00636909981025759;0,00633952951650136;0,00628131566268905;0,00627523720035101;0,00622654662724852;0,0061922949032461;0,00617341865518122;0,00615453299185767;0,00612312478736862;0,00609606190269282;0,00604387385763663;0,0060156680353453;0,00600212517342054;0,00595559944734645;0,00592847185377083;0,00589327350304025;0,00586998227424729;0,00584150170598222;0,00582018523360616;0,00578616483083703;0,00575976960188172;0,00573498698789086;0,00570268507257126;0,00567681622173815;0,00565640362267182;0,00562801857387061;0,00560172458525803;0,00557838014319289;0,00554918093881712;0,00553251728902134;0,00549982354296709;0,00547745709480154;0,00545334984016794;0,0054249445004377;0,00540037018772732;0,00537566968292321;0,00535456919197603;0,00532878311706041;0,00531019280285337;0,00528445847092362;0,00526657423819106;0,0052392667779801;0,00521603297573492;0,00519540828665691;0,00517436576738773;0,0206495140635592;0,00512989117407925;0,00511048158202039;0,00508835486966746;0,00506825418318875;0,00504716300657839;0,0050284625052956;0,00500784045383272;0,0049873131833238;0,00496881584810851;0,00494979477071254;0,00493161263324871;0,00491289533712798;0,00489412387157174;0,00487638137835176;0,00485819606498788;0,0048401402232757;0,00482328571755193;0,00480590953672166;0,00478902342088149;0,00477248092549202;0,00475575496521848;0,00473961915574101;0,00472391965890952;0,00470807793884922;0,00469283957684025;0,00467771800301006;0,00466266623628316;0,00464794206980189;0,00463359021825316;0,00461949080308976;0,00460553029303646;0,0045918101411247;0,00457839858058877;0,00456531872247084;0,00455238296433218;0,00453972797526514;0,00452731682923848;0,00451519742575978;0,0045033192216718;0,00449169606984514;0,00448032328325939;0,00446924800251297;0,0044584055182279;0,0044478383401784;0,00443750130832524;0,00442745005179689;0,00441764109587931;0,00440810603889471;0,00439883769611908;0,00438981422920185;1,30967166299083;0,52338528467334;3,39955399159627;0,617665579017463;4,02744183641312;3,7977533207972;3,72184886408624;3,3721662668389;0,549113410479738;3,60854715183239;1,88474553610404;2,15683582278183;0,881766905552988;2,70326262822985;0,00428645682437085;0,00428170775096691;0,00427722817805883;0,00427301855707576;0,00426907934153146;0,0042654105225661;0,00426201253159492;0,00425888553234029;0,00425602970251991;0,00425344527779623;0,0042511324236733;0,00424909129944372;0,340545526420493;2,03905505330999;0,00424459958252647;0,00424364657483447;0,0042429658083385;0,00424255732914614
